0 -0.3921916666666667
1 -0.33196666666666674
2 -0.4236333333333334
3 -0.4647009166666667
4 -0.6338184678583334
5 -0.7177830428583334
6 -0.7809224523583335
7 -0.6629654458283335
8 -0.5093219016419156
9 -0.46741920340137494
10 -0.4992468617347083
11 -0.535913528401375
12 -0.5633787225680417
13 -0.4510160789738301
14 -0.04763483825399914
15 0.06687905892720504
16 0.21935349929958237
17 0.23268426324940827
18 0.29385719845081687
19 0.45493789191060835
20 0.46180075024394174
21 0.5296375811362428
22 0.5968386408749116
23 0.613894104344239
24 0.8929150075723705
25 1.1058533396463721
26 1.2240217984573796
27 1.3019932503053813
28 1.3254146036815302
29 1.5826849125049263
30 1.5710838949742343
31 1.7600881070395202
32 1.8872323603406107
33 1.957456625508918
34 1.9740058995419432
35 1.9731984911218854
36 1.9948260572649186
37 1.9942608713708774
38 2.0067906950952366
39 2.190443648984432
40 2.2869600229833793
41 2.580679564329019
42 2.6062638715234048
43 2.778971927885328
44 2.7791076290184877
45 2.8229958850383614
46 2.974128511373861
47 2.9747941001471307
48 3.028953537803597
49 3.1398060083415187
50 3.141398410490977
51 3.1414212177804264
52 3.1606693894008853
53 3.1828220790973574
54 3.37561242832345
55 3.3795831490590214
56 3.3972218553508853
57 3.3995134407908014
58 3.516532358468819
59 3.5383718053469586
60 3.558764340718618
61 3.5698461565652955
62 3.570916226697044
63 3.5720517219182213
64 3.5710776634172685
65 3.589603701270873
66 3.6453426633626416
67 3.6458177097677984
68 3.6462651748686685
69 3.6464776586215013
70 3.646822996806239
71 3.6567167359564365
72 3.6562288947721617
73 3.6668451916842764
74 3.668432861484473
75 3.68686523779751
76 3.6872669762391044
77 3.6923284737231015
78 3.69619610462099
79 3.697112361711512
80 3.7030237659842595
81 3.7046094425912424
82 3.704687012087614
83 3.7046870302860677
84 3.7035335896859842
85 3.7044354699529105
86 3.7117982111287113
87 3.7385372894315716
88 3.7402578515279763
89 3.740257857770046
90 3.7424832573617732
91 3.743750708598518
92 3.7437507116571314
93 3.7440408199634314
94 3.7440472273223286
95 3.744230929300857
96 3.746428026733094
97 3.7484260183633844
98 3.7506729645682313
99 3.750659512159747
100 3.7530416948868233
101 3.753044974720512
102 3.7530483255658758
103 3.753048326959175
104 3.753057583993677
105 3.7530578132003263
106 3.7531252770403754
107 3.7531252771267734
108 3.753125436360003
109 3.75641013203626
110 3.7564198133357345
111 3.7564276145207254
112 3.7564279559431486
113 3.756428164579078
114 3.7564290550436334
115 3.759600204587404
116 3.7596021460903666
117 3.759682019058095
118 3.7596820576139183
119 3.760266923506071
120 3.7603078938669605
121 3.7609830398210593
122 3.7609831810660492
123 3.763101184222021
124 3.763100868539777
125 3.7643825680730307
126 3.764382568586351
127 3.7644353373408155
128 3.764435337342524
129 3.764576698039688
130 3.7645765781561247
131 3.7648970578043066
132 3.764954657101146
133 3.764954755064151
134 3.764954788055377
135 3.7649547881278065
136 3.7651286914763955
137 3.7651376359400857
138 3.765137700386779
139 3.7651758146761103
140 3.765177540154854
141 3.765166364583024
142 3.7651664159757576
143 3.7651851783109516
144 3.7651851875690974
145 3.7651956845134973
146 3.7651956585157063
147 3.7656066948952827
148 3.7656097688244725
149 3.7656097560855546
150 3.765609963774286
151 3.7656099656084114
152 3.7656099677910015
153 3.765609986536581
154 3.765702728951671
155 3.765702801642293
156 3.765823460864439
157 3.7661460887564093
158 3.7661464250438623
159 3.7662659586884533
160 3.7662915737141507
161 3.7662915738431866
162 3.7662925406675334
163 3.7664936218744023
164 3.766491743596045
165 3.7664917448869892
166 3.7665303527422984
167 3.766530368298172
168 3.766532535298037
169 3.7666027843784216
170 3.7666256007658014
171 3.766628616302226
172 3.766636137854235
173 3.766637114189286
174 3.7666371149194364
175 3.7666371149934528
176 3.7666437537819295
177 3.766679615372976
178 3.766679617177251
179 3.76667961567853
180 3.7668484381890304
181 3.7668484381890304
182 3.7668531860137957
183 3.766853186196952
184 3.766854855616321
185 3.766875673280735
186 3.766875711553717
187 3.766875712264192
188 3.7668757864992575
189 3.7668757863138023
190 3.7668770815514128
191 3.7668787842868117
192 3.7668787842910785
193 3.7668786760120696
194 3.7668787457691084
195 3.7668787457832176
196 3.7668884669553213
197 3.7668953863684513
198 3.766895386008608
199 3.766900031488519
200 3.766909577108333
201 3.766909577148538
202 3.767008648926933
203 3.767080837036345
204 3.767080837036345
205 3.7671345460789913
206 3.7671345477176836
207 3.7671378864564025
208 3.767137887347777
209 3.767139576861509
210 3.7671395768899925
211 3.767139582985221
212 3.7671395829352994
213 3.7671395829372463
214 3.7671395829372463
215 3.7671735841784795
216 3.7671735841784795
217 3.7671743818092605
218 3.7671743838954743
219 3.767215632420217
220 3.7672156374323555
221 3.7672156374471917
222 3.767215885965781
223 3.767216307803946
224 3.767216336498788
225 3.7672283137144893
226 3.7672283140708496
227 3.7672283154500863
228 3.7672283159748425
229 3.767228315966039
230 3.767228315966262
231 3.767228323984209
232 3.767228324026064
233 3.7672283374422144
234 3.7672539986569515
235 3.7672540005092277
236 3.7672540007143067
237 3.7672540007143067
238 3.7672540007345745
239 3.767253989971936
240 3.767253989971936
241 3.767253989971936
242 3.767253989971936
243 3.7672547802662675
244 3.7672547802662675
245 3.7672547802662675
246 3.76725479412047
247 3.767254796162623
248 3.767254796226501
249 3.767254796226501
250 3.767254796236628
251 3.7672547967224483
252 3.7672547967212586
253 3.7672547967212586
254 3.7672547967212657
255 3.767255029620544
256 3.767255029620545
257 3.7672551827056457
258 3.7672551827056475
259 3.7672552944172923
260 3.7672552944172972
261 3.767255294978465
262 3.767255294978465
263 3.767255294978465
264 3.7672552950362825
265 3.7672552950358784
266 3.767255295061295
267 3.767255290953308
268 3.7672552909564305
269 3.7672554274351304
270 3.7672554275894132
271 3.7672554275931978
272 3.76725542785663
273 3.767255428008049
274 3.7672555146600186
275 3.7672555146600186
276 3.7672555146600186
277 3.7672555117449584
278 3.7672555117860913
279 3.767255530110617
280 3.767255530110617
281 3.767255530110617
282 3.767255530124555
283 3.7672555301244555
284 3.7672555301244555
285 3.767255530124457
286 3.767255530124457
287 3.7672555306861017
288 3.7672555306861017
289 3.7672555306861017
290 3.7672555306861017
291 3.767255530686298
292 3.767255530690555
293 3.767255544133254
294 3.7672555441334175
295 3.7672555506677816
296 3.7672555519007775
297 3.7672555521921702
298 3.7672555521921214
299 3.7672555530126792
