0 -0.4097222222222222
1 -0.2708333333333333
2 0.009487847222222278
3 -0.1432899305555555
4 0.3352735241360134
5 0.45841523482269747
6 0.582156761956215
7 0.5682895744562151
8 0.5912362576776083
9 0.5843026639276082
10 0.6084788249519136
11 0.6356912815491358
12 0.8028096694072089
13 0.8164639391554728
14 0.906357805800438
15 0.9131849406745699
16 0.9522582913690142
17 1.050526202697224
18 1.3667905124478872
19 1.5367957997467778
20 1.7338432740903569
21 1.9982137323005336
22 2.2486523993592504
23 2.249737468803695
24 2.813834385781577
25 2.832547749052628
26 3.064992182836782
27 3.0899465675345907
28 3.1486130149742713
29 3.2706894923757144
30 3.2785468574541112
31 3.2853205219285986
32 3.343593865143033
33 3.3942079171473174
34 3.4416334066578296
35 3.475244274456779
36 3.4788079472014166
37 3.4976446263231082
38 3.498586696493506
39 3.5002591485134094
40 3.5346786651003153
41 3.5717838268823496
42 3.6371215586147474
43 3.708853710580716
44 3.7188555688541434
45 3.7193329725555295
46 3.720402819746269
47 3.720483429693749
48 3.7334018908697697
49 3.733463620198328
50 3.7362012145339185
51 3.736200154895789
52 3.7384576488713037
53 3.749649038050801
54 3.7499603843295812
55 3.7517168693516556
56 3.754873608731727
57 3.7577058889046193
58 3.7577739577292752
59 3.757787435899366
60 3.760286189720688
61 3.760703597029744
62 3.762367778569254
63 3.7623927746721453
64 3.7628046096087138
65 3.762815068913088
66 3.764936506709459
67 3.764942700951099
68 3.7649428505571163
69 3.7650151605972644
70 3.7650460594663695
71 3.7654799319163934
72 3.7654799153595473
73 3.765602323591324
74 3.76572611496489
75 3.765745828108556
76 3.766035222811981
77 3.766327385123951
78 3.7666876295052774
79 3.7666890253478535
80 3.7667011824333545
81 3.7667011813985516
82 3.767102207689768
83 3.767102272611164
84 3.767102272869865
85 3.7671024599237715
86 3.767103060737745
87 3.7671092454623687
88 3.7671133672867203
89 3.7671133723946912
90 3.7671207796556305
91 3.767120855518302
92 3.7671208565513674
93 3.7671246878490408
94 3.767124816011919
95 3.7672208848422466
96 3.7672450495081478
97 3.7672450495509926
98 3.7672451884955223
99 3.7672452335190565
100 3.767245249090032
101 3.7672452491295414
102 3.7672452497050823
103 3.7672452923044606
104 3.767253864454249
105 3.7672538800624924
106 3.767253880126337
107 3.7672550501892292
108 3.7672550504480427
109 3.7672550504460216
110 3.7672553084786986
111 3.767255310003163
112 3.7672553107566475
113 3.7672553487029656
114 3.767255353005735
115 3.7672553613175035
116 3.7672553735203675
117 3.767255373521157
118 3.7672554054517855
119 3.7672554230991846
120 3.767255426381859
121 3.767255429635072
122 3.7672554390420805
123 3.767255474055323
124 3.7672555163869443
125 3.7672555167469435
126 3.767255517634082
127 3.767255529431858
128 3.7672555294321715
129 3.7672555295338697
130 3.7672555296864902
131 3.7672555296864942
132 3.7672555301947046
133 3.7672555339667815
134 3.7672555339668596
135 3.7672555353313237
136 3.767255535331473
137 3.7672555353321653
138 3.7672555353750017
139 3.767255535605894
140 3.767255535668436
141 3.767255536091209
142 3.767255544780033
143 3.767255544804559
144 3.7672555450564156
145 3.7672555450566287
146 3.7672555451668206
147 3.7672555451748004
148 3.7672555471083107
149 3.7672555481577925
150 3.767255548165087
151 3.767255548226915
152 3.767255548231336
153 3.7672555482320025
154 3.767255548232697
155 3.7672555482334085
156 3.7672555482361605
157 3.7672555482665464
158 3.767255548266567
159 3.767255548266567
160 3.767255548288701
161 3.7672555482969665
162 3.7672555482969696
163 3.7672555482971433
164 3.767255548763917
165 3.7672555487690076
166 3.7672555528345484
167 3.7672555528345484
168 3.7672555531270127
169 3.767255553156682
170 3.7672555532219922
171 3.767255554031907
172 3.7672555540388504
173 3.7672555540388504
174 3.7672555540389316
175 3.767255554434948
176 3.767255554435133
177 3.7672555549669298
178 3.7672555549669298
179 3.7672555549669298
180 3.767255554966948
181 3.767255554966952
182 3.767255554966956
183 3.767255554967401
184 3.767255554967435
185 3.7672555551427016
186 3.7672555551427016
187 3.767255555142709
188 3.767255555142719
189 3.767255555308167
190 3.767255555308167
191 3.767255555308167
192 3.767255555439855
193 3.767255555439856
194 3.767255555439856
195 3.767255555501929
196 3.767255555501929
197 3.767255555501929
198 3.7672555555023646
199 3.7672555555028193
200 3.767255555502821
201 3.767255555502821
202 3.7672555555487324
203 3.7672555555520333
204 3.7672555555520333
205 3.76725555555472
206 3.76725555555472
207 3.76725555555472
208 3.76725555555472
209 3.7672555555549163
210 3.7672555555549163
211 3.7672555555550216
212 3.7672555555550216
213 3.767255555555041
214 3.767255555555041
215 3.767255555555041
216 3.767255555555044
217 3.767255555555044
218 3.767255555555044
219 3.767255555555044
220 3.767255555555044
221 3.767255555555044
222 3.767255555555044
223 3.767255555555044
224 3.767255555555044
225 3.767255555555044
226 3.767255555555044
227 3.767255555555048
228 3.767255555555048
229 3.767255555555099
230 3.7672555555553395
231 3.7672555555553395
232 3.7672555555553395
233 3.7672555555553395
234 3.7672555555553395
235 3.7672555555553395
236 3.7672555555553395
237 3.767255555555441
238 3.767255555555529
239 3.767255555555529
240 3.767255555555529
241 3.7672555555555354
242 3.7672555555555354
243 3.7672555555555354
244 3.7672555555555354
245 3.7672555555555354
246 3.7672555555555354
247 3.7672555555555354
248 3.7672555555555354
249 3.7672555555555354
250 3.7672555555555354
251 3.7672555555555385
252 3.7672555555555514
253 3.7672555555555514
254 3.7672555555555514
255 3.7672555555555514
256 3.7672555555555514
257 3.7672555555555536
258 3.7672555555555536
259 3.7672555555555536
260 3.7672555555555536
261 3.7672555555555536
262 3.7672555555555536
263 3.7672555555555536
264 3.7672555555555536
265 3.7672555555555536
266 3.7672555555555536
267 3.7672555555555536
268 3.7672555555555545
269 3.7672555555555545
270 3.7672555555555545
271 3.7672555555555545
272 3.7672555555555545
273 3.7672555555555545
274 3.7672555555555545
275 3.7672555555555545
276 3.7672555555555545
277 3.7672555555555545
278 3.7672555555555545
279 3.7672555555555545
280 3.7672555555555545
281 3.7672555555555545
282 3.7672555555555545
283 3.7672555555555545
284 3.7672555555555545
285 3.7672555555555545
286 3.7672555555555545
287 3.7672555555555545
288 3.7672555555555545
289 3.7672555555555545
290 3.7672555555555545
291 3.7672555555555545
292 3.7672555555555545
293 3.7672555555555545
294 3.7672555555555545
295 3.7672555555555545
296 3.7672555555555545
297 3.7672555555555545
298 3.7672555555555545
299 3.7672555555555545
