0 -0.35
1 -0.310525
2 -0.15602500000000005
3 0.5774975000000002
4 0.11722250000000035
5 0.11747250000000037
6 0.09247250000000042
7 0.08997250000000027
8 -0.012877499999999795
9 0.022225750000000394
10 -0.0010267499999996907
11 1.4863765728164529
12 1.846121505061453
13 2.314264941147789
14 2.3513182355740905
15 2.5894371744506905
16 2.5950531460222406
17 2.754151256087619
18 2.9379162112903687
19 2.938120025008134
20 2.9381689305661585
21 3.351013103531098
22 3.37433120853393
23 3.37432870853393
24 3.5153576224166985
25 3.6910354893034705
26 3.748867221351905
27 3.751313565135492
28 3.751710123686272
29 3.7579188840815356
30 3.7588941076635454
31 3.7611838943257854
32 3.7611859342048026
33 3.76118621712534
34 3.762311421568959
35 3.762311672855228
36 3.762501354667561
37 3.762508258674978
38 3.762508340405936
39 3.766773908382579
40 3.7672494116082498
41 3.76725044790492
42 3.7672505304594566
43 3.767250530459482
44 3.767250530459482
45 3.7672539374818808
46 3.7672552676490363
47 3.7672553085245255
48 3.7672553145484944
49 3.767255362105178
50 3.7672553621138025
51 3.767255441956343
52 3.7672554544708325
53 3.7672554546922785
54 3.7672554547466337
55 3.767255454747977
56 3.7672554547906634
57 3.7672554547906794
58 3.7672554674971144
59 3.7672554674971144
60 3.7672554674971144
61 3.7672554674971526
62 3.7672554674973764
63 3.767255468165818
64 3.767255468165818
65 3.767255468165818
66 3.767255468165819
67 3.767255468165823
68 3.767255468232668
69 3.767255468239353
70 3.767255468239353
71 3.767255468239353
72 3.767255468239353
73 3.767255468239353
74 3.767255468637171
75 3.7672554687039894
76 3.7672555546708377
77 3.767255554674724
78 3.767255554674724
79 3.767255554674724
80 3.767255554674724
81 3.767255554674724
82 3.767255554674724
83 3.767255554674724
84 3.767255554674724
85 3.767255554674724
86 3.767255555460374
87 3.7672555554673983
88 3.7672555554673983
89 3.767255555467497
90 3.767255555467497
91 3.767255555467497
92 3.767255555546817
93 3.767255555546817
94 3.7672555555546734
95 3.7672555555546734
96 3.767255555554682
97 3.7672555555554683
98 3.7672555555554683
99 3.7672555555554683
100 3.7672555555555465
101 3.7672555555555465
102 3.7672555555555465
103 3.7672555555555545
104 3.7672555555555545
105 3.7672555555555554
106 3.7672555555555554
107 3.7672555555555554
108 3.7672555555555554
109 3.7672555555555554
110 3.7672555555555554
111 3.7672555555555554
112 3.7672555555555554
113 3.7672555555555554
114 3.7672555555555554
115 3.7672555555555554
116 3.7672555555555554
117 3.7672555555555554
118 3.7672555555555554
119 3.7672555555555554
120 3.7672555555555554
121 3.7672555555555554
122 3.7672555555555554
123 3.7672555555555554
124 3.7672555555555554
125 3.7672555555555554
126 3.7672555555555554
127 3.7672555555555554
128 3.7672555555555554
129 3.7672555555555554
130 3.7672555555555554
131 3.7672555555555554
132 3.7672555555555554
133 3.7672555555555554
134 3.7672555555555554
135 3.7672555555555554
136 3.7672555555555554
137 3.7672555555555554
138 3.7672555555555554
139 3.7672555555555554
140 3.7672555555555554
141 3.7672555555555554
142 3.7672555555555554
143 3.7672555555555554
144 3.7672555555555554
145 3.7672555555555554
146 3.7672555555555554
147 3.7672555555555554
148 3.7672555555555554
149 3.7672555555555554
150 3.7672555555555554
151 3.7672555555555554
152 3.7672555555555554
153 3.7672555555555554
154 3.7672555555555554
155 3.7672555555555554
156 3.7672555555555554
157 3.7672555555555554
158 3.7672555555555554
159 3.7672555555555554
160 3.7672555555555554
161 3.7672555555555554
162 3.7672555555555554
163 3.7672555555555554
164 3.7672555555555554
165 3.7672555555555554
166 3.7672555555555554
167 3.7672555555555554
168 3.7672555555555554
169 3.7672555555555554
170 3.7672555555555554
171 3.7672555555555554
172 3.7672555555555554
173 3.7672555555555554
174 3.7672555555555554
175 3.7672555555555554
176 3.7672555555555554
177 3.7672555555555554
178 3.7672555555555554
179 3.7672555555555554
180 3.7672555555555554
181 3.7672555555555554
182 3.7672555555555554
183 3.7672555555555554
184 3.7672555555555554
185 3.7672555555555554
186 3.7672555555555554
187 3.7672555555555554
188 3.7672555555555554
189 3.7672555555555554
190 3.7672555555555554
191 3.7672555555555554
192 3.7672555555555554
193 3.7672555555555554
194 3.7672555555555554
195 3.7672555555555554
196 3.7672555555555554
197 3.7672555555555554
198 3.7672555555555554
199 3.7672555555555554
200 3.7672555555555554
201 3.7672555555555554
202 3.7672555555555554
203 3.7672555555555554
204 3.7672555555555554
205 3.7672555555555554
206 3.7672555555555554
207 3.7672555555555554
208 3.7672555555555554
209 3.7672555555555554
210 3.7672555555555554
211 3.7672555555555554
212 3.7672555555555554
213 3.7672555555555554
214 3.7672555555555554
215 3.7672555555555554
216 3.7672555555555554
217 3.7672555555555554
218 3.7672555555555554
219 3.7672555555555554
220 3.7672555555555554
221 3.7672555555555554
222 3.7672555555555554
223 3.7672555555555554
224 3.7672555555555554
225 3.7672555555555554
226 3.7672555555555554
227 3.7672555555555554
228 3.7672555555555554
229 3.7672555555555554
230 3.7672555555555554
231 3.7672555555555554
232 3.7672555555555554
233 3.7672555555555554
234 3.7672555555555554
235 3.7672555555555554
236 3.7672555555555554
237 3.7672555555555554
238 3.7672555555555554
239 3.7672555555555554
240 3.7672555555555554
241 3.7672555555555554
242 3.7672555555555554
243 3.7672555555555554
244 3.7672555555555554
245 3.7672555555555554
246 3.7672555555555554
247 3.7672555555555554
248 3.7672555555555554
249 3.7672555555555554
250 3.7672555555555554
251 3.7672555555555554
252 3.7672555555555554
253 3.7672555555555554
254 3.7672555555555554
255 3.7672555555555554
256 3.7672555555555554
257 3.7672555555555554
258 3.7672555555555554
259 3.7672555555555554
260 3.7672555555555554
261 3.7672555555555554
262 3.7672555555555554
263 3.7672555555555554
264 3.7672555555555554
265 3.7672555555555554
266 3.7672555555555554
267 3.7672555555555554
268 3.7672555555555554
269 3.7672555555555554
270 3.7672555555555554
271 3.7672555555555554
272 3.7672555555555554
273 3.7672555555555554
274 3.7672555555555554
275 3.7672555555555554
276 3.7672555555555554
277 3.7672555555555554
278 3.7672555555555554
279 3.7672555555555554
280 3.7672555555555554
281 3.7672555555555554
282 3.7672555555555554
283 3.7672555555555554
284 3.7672555555555554
285 3.7672555555555554
286 3.7672555555555554
287 3.7672555555555554
288 3.7672555555555554
289 3.7672555555555554
290 3.7672555555555554
291 3.7672555555555554
292 3.7672555555555554
293 3.7672555555555554
294 3.7672555555555554
295 3.7672555555555554
296 3.7672555555555554
297 3.7672555555555554
298 3.7672555555555554
299 3.7672555555555554
