0 -0.23317358108108102
1 -0.39519182432432426
2 -0.6579023904729732
3 -0.7097198904729729
4 -0.715800971554054
5 -0.788773944527027
6 -0.8487311722297299
7 -0.7863453614189191
8 -0.5303700857432433
9 -0.5792072479054053
10 -0.6077397411486485
11 -0.8262747255260833
12 -0.8274909417422994
13 -0.9926693586341913
14 -1.249727188056814
15 -1.2480750678473547
16 -1.2536094597392464
17 -1.5700269403250553
18 -1.5641217180277585
19 -1.7000786616215393
20 -1.721439876163776
21 -1.6788590898748503
22 -1.656419900685661
23 -1.7432194509969021
24 -1.5067917800509556
25 -1.4577656580353597
26 -1.3735097765185422
27 -1.3356273043617857
28 -1.3273027496576937
29 -1.3225450366231133
30 -1.2510456244093298
31 -1.3041121304654606
32 -1.254733423131762
33 -1.0191677190645112
34 -1.0008354168138147
35 -1.0213281832826835
36 -0.9503009000091522
37 -0.9167922857655418
38 -0.8568023019030173
39 -0.8349407755873467
40 -0.8277741618133121
41 -0.8277741624214201
42 -0.9802818009610579
43 -1.021714222074651
44 -1.0204704890863963
45 -1.0011178550168185
46 -1.0011164907422205
47 -1.0649477367492268
48 -1.061449536850784
49 -1.0779732680946814
50 -0.9174766802284349
51 -0.9174765187307496
52 -0.8421429120412253
53 -0.8213358774294257
54 -0.8213355204462893
55 -0.7952904504672185
56 -0.7932865317654555
57 -0.7914890007238217
58 -0.7089182674839524
59 -0.7064409703879445
60 -0.6769176112065036
61 -0.664982897994788
62 -0.6649778826605329
63 -0.5913773032487335
64 -0.5913699699316002
65 -0.5910246413430443
66 -0.5809352937907136
67 -0.5643885426221875
68 -0.5760100966762418
69 -0.5760100513948206
70 -0.5760100420109868
71 -0.5995265897404708
72 -0.5995265634343542
73 -0.6095744909988337
74 -0.6104443729655225
75 -0.6256030798346282
76 -0.6275377510089264
77 -0.6277670806637557
78 -0.6277658081576338
79 -0.5997349314267609
80 -0.5993555002309572
81 -0.5998454253088854
82 -0.5997651468878074
83 -0.6204767679031145
84 -0.6204767678749347
85 -0.6204767675866746
86 -0.6497733585025753
87 -0.6466733113660249
88 -0.6482972017480932
89 -0.6502441427555592
90 -0.6502441426673359
91 -0.6502441426583181
92 -0.6502353116766159
93 -0.6532170142794372
94 -0.6583648211705766
95 -0.6583648211695954
96 -0.6552853234962663
97 -0.6552853234962648
98 -0.6405772968106915
99 -0.6405772968102343
100 -0.651565812252786
101 -0.6515658037524903
102 -0.6515653714300598
103 -0.6513476773168797
104 -0.6513476773168776
105 -0.6513476773168763
106 -0.6510483395650873
107 -0.651048339554216
108 -0.6501617197704008
109 -0.6501617197703975
110 -0.6501613217944748
111 -0.650161321794348
112 -0.6501613199018927
113 -0.6521137032980074
114 -0.6521137032980074
115 -0.6521137032980074
116 -0.652014405863055
117 -0.652014405863055
118 -0.652014405863055
119 -0.6552738341260714
120 -0.6554887878805854
121 -0.6554887878805125
122 -0.6554887878805125
123 -0.6553986798891643
124 -0.6553986798891643
125 -0.65531993261863
126 -0.6553199325851136
127 -0.6553199325851136
128 -0.6569660245583894
129 -0.6717725927386435
130 -0.6717725927386435
131 -0.6717725915768555
132 -0.6719948680797481
133 -0.6719948680797481
134 -0.66968874907652
135 -0.66968874907652
136 -0.66968874907652
137 -0.6696887489373339
138 -0.6696887489373339
139 -0.6696887489388629
140 -0.6696881611990405
141 -0.6696881611990286
142 -0.6696879825330727
143 -0.6697032101242251
144 -0.6697032101242251
145 -0.6697032093304731
146 -0.6697032093304731
147 -0.6697032093304731
148 -0.6697032088967302
149 -0.6697239290421866
150 -0.6732134852788051
151 -0.6732134830948567
152 -0.6732134830948567
153 -0.6732134830948567
154 -0.6813606600131125
155 -0.6813606600131125
156 -0.6813606600131125
157 -0.6813606600131125
158 -0.6805519128108766
159 -0.6805519128108766
160 -0.6805519128108766
161 -0.6805519128108766
162 -0.6805519128108766
163 -0.6806823349570994
164 -0.6806823349570994
165 -0.6806823349570994
166 -0.6802928007766386
167 -0.6802928007769437
168 -0.6802928007769437
169 -0.6802923268241563
170 -0.6802923268241566
171 -0.6802923268209469
172 -0.6802923206042327
173 -0.6802923206042327
174 -0.6803603357896392
175 -0.6803603357896392
176 -0.6803603357896392
177 -0.6802783677125712
178 -0.6802783677125712
179 -0.6802783677125712
180 -0.6802783677125712
181 -0.6802783677125712
182 -0.6802783677125712
183 -0.6802783677125712
184 -0.6802783677125712
185 -0.6802783677125712
186 -0.6802783677122728
187 -0.6802783677122728
188 -0.6802783677122728
189 -0.6802783677122728
190 -0.6802783677122728
191 -0.6802783677122728
192 -0.6802783677122728
193 -0.6802842532842215
194 -0.6802842532842215
195 -0.6802842532842215
196 -0.6802842532842215
197 -0.6802842532842215
198 -0.680284253264221
199 -0.680284253264221
200 -0.6804032458194383
201 -0.6804032458194383
202 -0.6804032458194383
203 -0.6804032458194383
204 -0.6804032458194383
205 -0.6804032458194383
206 -0.6803951583479632
207 -0.6803951583479632
208 -0.6803951583479632
209 -0.6803951630242161
210 -0.6803951630242161
211 -0.6803951630242161
212 -0.6803951630242161
213 -0.6803956356170647
214 -0.6803910394640978
215 -0.6803910023964681
216 -0.6803909440608911
217 -0.6803909440608911
218 -0.6803909440608911
219 -0.6803909440608911
220 -0.6803909440608911
221 -0.6803909440608911
222 -0.6803909961199519
223 -0.6803909961199519
224 -0.6803909961199519
225 -0.6803909961174189
226 -0.6803909961174189
227 -0.6803909961174189
228 -0.6803909961174189
229 -0.6803909961086916
230 -0.6803909961086916
231 -0.680401520300948
232 -0.680401520300948
233 -0.6804015202921353
234 -0.6804015138722068
235 -0.6804015101349823
236 -0.6804015101349823
237 -0.6804015101349823
238 -0.6804016151424385
239 -0.6804016151424177
240 -0.6804016151424177
241 -0.6804016153612127
242 -0.6804016153612127
243 -0.680401615361112
244 -0.6804005973821772
245 -0.6804005973821772
246 -0.680400597382178
247 -0.6804005974052848
248 -0.6804005974052848
249 -0.6804005965067728
250 -0.6804005965067728
251 -0.6804005965611069
252 -0.6804005965611069
253 -0.6804005965611071
254 -0.6804005954676665
255 -0.6804005954676665
256 -0.6804005954676665
257 -0.6804005949981723
258 -0.6804005949981723
259 -0.6804005949981723
260 -0.6804005949981723
261 -0.6804005949981861
262 -0.6804005949981861
263 -0.6804005949981875
264 -0.6804005949981875
265 -0.6804005949981875
266 -0.6804005949981875
267 -0.6804005949981875
268 -0.6804005949984853
269 -0.6804005949984853
270 -0.6804005949984853
271 -0.6804005949984853
272 -0.6804005949984853
273 -0.6804005949984853
274 -0.6804005949984853
275 -0.6804005949984853
276 -0.6804005949984853
277 -0.680400594759461
278 -0.680400594759461
279 -0.6804005947594529
280 -0.6804005947495061
281 -0.6804005947495061
282 -0.6804005947495053
283 -0.6804005947488807
284 -0.6804005947488807
285 -0.6804005947488807
286 -0.68040059474888
287 -0.68040059474888
288 -0.68040059474888
289 -0.6804005947464681
290 -0.6804005947464681
291 -0.6804005946371321
292 -0.6804005946371321
293 -0.6804005946371321
294 -0.6804005946371321
295 -0.6804005946371321
296 -0.6804005946371321
297 -0.6804005946371321
298 -0.6804005946371661
299 -0.6804005946371661
