0 -0.13886580555555558
1 -0.1774491388888889
2 -0.2915381330555556
3 -0.39366489348941663
4 -0.4709334478518917
5 -0.45151466757411385
6 -0.5149392753545117
7 -0.5453102503545116
8 -0.5872786404042152
9 -0.5689364154042154
10 -0.621634901446966
11 -0.7072290823609394
12 -0.6948165899897062
13 -0.6777806995408886
14 -0.6326451995412513
15 -0.6006370770413945
16 -0.5787500731163945
17 -0.6640333100887982
18 -0.6933720065011376
19 -0.7096998482582266
20 -0.6989381680082266
21 -0.7355142705832384
22 -0.7123412897994587
23 -0.7271035397994586
24 -0.740892397100425
25 -0.7725588530449773
26 -0.7496485176154795
27 -0.7939232507273967
28 -0.8046849309773967
29 -0.7856787329312341
30 -0.7835156327577268
31 -0.7668041531095895
32 -0.8053508874725068
33 -0.7812619727355042
34 -0.7586204850181681
35 -0.7389290919550976
36 -0.7105268696702086
37 -0.705894319198079
38 -0.6393434623417628
39 -0.6162742269535193
40 -0.6003354023793054
41 -0.6080169445642041
42 -0.56999902423584
43 -0.5299575955644412
44 -0.5163108484281788
45 -0.5250278094306788
46 -0.4889653969766208
47 -0.45481825981816015
48 -0.36131631866654734
49 -0.3588543914110885
50 -0.2922273712645695
51 -0.2647052768363438
52 -0.22899115612257692
53 -0.19978297331834818
54 -0.10949253295270342
55 -0.07172875380680797
56 -0.05479639125895277
57 -0.05994366956131901
58 -0.015856261116752885
59 -0.00015355875908325113
60 0.09375354444380668
61 0.1795582792655706
62 0.17380946379614234
63 0.2103978610996249
64 0.21157539327393626
65 0.2507044983470923
66 0.25127650493536335
67 0.310537540717811
68 0.3180555704610827
69 0.3611652030111334
70 0.3626549341500606
71 0.5399037427969433
72 0.6108105919481294
73 0.606821199685513
74 0.6036053047677883
75 0.6359738050813005
76 0.6724993722974086
77 0.679175592195934
78 1.043938842203529
79 1.1066808197371003
80 1.1597018773489003
81 1.2105996055951396
82 1.2432112747624153
83 1.2467374660690715
84 1.264553082158509
85 1.2615136657937447
86 1.2685194180803623
87 1.2657839433520746
88 1.3080983493252816
89 1.3388925683756292
90 1.3686077781106776
91 1.3857182415591842
92 1.6665092092243439
93 1.6753673290492883
94 1.6914156230574107
95 1.7373779935244322
96 1.795096747362012
97 1.807057271560338
98 1.8050631104834158
99 1.8032683655141863
100 1.8132981634262306
101 1.961027166556451
102 2.020195381033713
103 2.049123171288725
104 2.057197493946455
105 2.063947586636172
106 2.0706928426989686
107 2.0843466883403203
108 2.0891383188203405
109 2.0953443881131704
110 2.1803358467912615
111 2.1986820010704218
112 2.197728200009229
113 2.2349200891658585
114 2.2401879051569282
115 2.2743593649718945
116 2.3500539309625164
117 2.389074691929144
118 2.39576559576091
119 2.4075457078425977
120 2.4098880649589294
121 2.41864324362965
122 2.434017843181356
123 2.46057054630473
124 2.472551051033014
125 2.524966216032865
126 2.5255149263435155
127 2.5426236739756636
128 2.611182236952889
129 2.6165249855925357
130 2.6347010983397543
131 2.644545276994115
132 2.7017449158344418
133 2.709188634923508
134 2.7100190418009458
135 2.713367797359576
136 2.7224718382484308
137 2.7405998601572987
138 2.7406683333435478
139 2.7619309019297438
140 2.7634873922120655
141 2.815256339951539
142 2.830775994687248
143 2.9026314708279717
144 2.968408777841931
145 2.970906610528971
146 2.985064194174827
147 2.988875428395635
148 3.0294019666759002
149 3.0386860896179306
150 3.0640147631710017
151 3.0872814098838246
152 3.0902296798565794
153 3.10919384688833
154 3.113965961992269
155 3.1206524185551876
156 3.122710515836295
157 3.1584034835200976
158 3.1794209701976572
159 3.1794537207103724
160 3.1839309374304383
161 3.2108172952777156
162 3.217993452656744
163 3.2178167113944895
164 3.235470554089405
165 3.235841575937617
166 3.235865451061387
167 3.2357222906389613
168 3.2392940214806867
169 3.2391349543446584
170 3.244316973283056
171 3.2605686435900343
172 3.278261564195342
173 3.2848768641910033
174 3.288771019748713
175 3.2902431728657384
176 3.298447668616023
177 3.3031581919987545
178 3.315414680770404
179 3.3322023275890205
180 3.3357214013744736
181 3.345256418473584
182 3.351649094928421
183 3.3549304262014483
184 3.368238317055827
185 3.3823654114473714
186 3.3849955658460074
187 3.3858066922746293
188 3.393627853278019
189 3.4166879401524337
190 3.4297119089907833
191 3.430254553382395
192 3.4349689924465423
193 3.43700488702901
194 3.4537207459395143
195 3.4681770581076847
196 3.4718549738624174
197 3.4798020547153268
198 3.4872108757903604
199 3.493709291731309
200 3.502541638204983
201 3.5231841528319
202 3.5311423199606926
203 3.5349362141361516
204 3.537991728980002
205 3.5416832637809836
206 3.5607331321452076
207 3.5725036169664315
208 3.572526679034627
209 3.575843305876058
210 3.575995675212388
211 3.576704729705547
212 3.5817973509515824
213 3.583574420056058
214 3.59005912074261
215 3.5912006794083826
216 3.6085580776150934
217 3.6098102582654596
218 3.6159082147221375
219 3.616040098396899
220 3.6181044762191084
221 3.6180717257063923
222 3.6248644698229433
223 3.6276788860070406
224 3.627683310115676
225 3.6283264747952737
226 3.629928009165273
227 3.6303943465060016
228 3.631958444845185
229 3.6325367475768906
230 3.633199820159218
231 3.634420041226219
232 3.6356782281152595
233 3.6365296854037052
234 3.6393282333042
235 3.640431628217149
236 3.6412468946139214
237 3.6429046339471167
238 3.6465757966776753
239 3.650399688943069
240 3.655160495769465
241 3.659469736131744
242 3.665810598930946
243 3.6695860618034737
244 3.6702082220864094
245 3.6712365333046457
246 3.6712224352828104
247 3.6716353309590795
248 3.679179541676429
249 3.6834829842535566
250 3.6845090186248055
251 3.6864021777136435
252 3.6864292428392957
253 3.6865250905793214
254 3.687316443535132
255 3.695150049227602
256 3.6951512987265533
257 3.69894800325414
258 3.699062309967903
259 3.699063434516959
260 3.7016876518882054
261 3.705093837123939
262 3.7115139314798355
263 3.711516284571043
264 3.7140004857049607
265 3.7139921609640476
266 3.7142641407852164
267 3.7159528509918394
268 3.7163089531545506
269 3.716545172116701
270 3.7174966792583635
271 3.719585773771371
272 3.7196423927917035
273 3.7196889396425465
274 3.720145306146042
275 3.720505802517071
276 3.720503686479625
277 3.7218680305202603
278 3.7220877084229125
279 3.7234981213706706
280 3.724133774277394
281 3.7321885666831958
282 3.7341499049391285
283 3.735172023511857
284 3.737058820294479
285 3.7381646109332403
286 3.740346697003444
287 3.7441842775380443
288 3.745367498804382
289 3.7453705469855083
290 3.7459984651452123
291 3.746205632239202
292 3.746328286984734
293 3.7468842711160497
294 3.7468879708210645
295 3.746888139609845
296 3.7474636273375848
297 3.7474626152434336
298 3.7475062160224084
299 3.7494296212108895
