0 -0.00945945945945946
1 -0.06510397506756756
2 -0.1736939505405406
3 -0.1946376482516285
4 -0.21361534604284474
5 -0.28762730758995964
6 -0.3908312832734653
7 -0.3875204724626544
8 -0.3929934454356274
9 -0.42702161435454633
10 -0.518521437028384
11 -0.5483816916905461
12 -0.556176710609465
13 -0.5698653058591849
14 -0.6834347845644011
15 -0.6878678926725093
16 -0.7093353824127778
17 -0.7137064052851425
18 -0.720870216771629
19 -0.8749983747041304
20 -0.9449656426801748
21 -0.9580467339243189
22 -1.0956222576975818
23 -1.1088373640314357
24 -1.1928477772998356
25 -1.2399456168933845
26 -1.2431500082251978
27 -1.2483988051827573
28 -1.2595738051827574
29 -1.2755586886014918
30 -1.2904753032267546
31 -1.3033982983219876
32 -1.3266224313808603
33 -1.3627925536206746
34 -1.397477954166869
35 -1.4730099313408367
36 -1.4980976894171816
37 -1.526131409124354
38 -1.520658436151381
39 -1.6053344731593346
40 -1.6184138974980173
41 -1.653490581389439
42 -1.637722990900982
43 -1.6324040254260703
44 -1.6407558528543318
45 -1.6627148997269963
46 -1.6849271722273325
47 -1.6916436812540976
48 -1.7421804789077076
49 -1.7596110310778108
50 -1.804517570331185
51 -1.8128710043211336
52 -1.842389755399619
53 -1.8799206872207375
54 -1.8706468374187346
55 -1.9061449742782874
56 -1.9022470057175696
57 -1.9473974098402662
58 -1.9662827132938239
59 -1.974748199252855
60 -1.9666390841447714
61 -1.9530372703503325
62 -2.0070226960108446
63 -2.003032898713547
64 -2.0221570273711333
65 -2.0230697650182097
66 -2.0125384770046013
67 -2.012864616314345
68 -2.070445941406848
69 -2.0629945014551136
70 -2.0669818156717263
71 -2.0954656422633957
72 -2.1069839546734426
73 -2.1175128939046397
74 -2.125790864747528
75 -2.1225591289367176
76 -2.1783075137392487
77 -2.1721785543945704
78 -2.278281649517307
79 -2.392044312160935
80 -2.3993251106542806
81 -2.443412078051534
82 -2.443192841762775
83 -2.444817714404001
84 -2.4347521500019265
85 -2.4351887095890365
86 -2.4625836391997367
87 -2.474410233409215
88 -2.550502455973989
89 -2.5584987943645148
90 -2.566053220362673
91 -2.581663112207044
92 -2.603693171824385
93 -2.6089703962113484
94 -2.623397535733845
95 -2.6214892280549194
96 -2.656115114608163
97 -2.662377367470827
98 -2.648219412236904
99 -2.6375292471612637
100 -2.6450807841565287
101 -2.6452330030723727
102 -2.6614158382178617
103 -2.657892124904715
104 -2.659829465119072
105 -2.650944246264929
106 -2.6522828735139306
107 -2.6801397304407097
108 -2.672132822632658
109 -2.709745296834838
110 -2.6985732884429425
111 -2.707326189649472
112 -2.735232115804577
113 -2.7298083057789966
114 -2.735709884349301
115 -2.7289513742367144
116 -2.7260862372255605
117 -2.7209380163143715
118 -2.7297009580567195
119 -2.724134579922974
120 -2.7222262722440482
121 -2.7240742287685675
122 -2.7285107558015733
123 -2.72771878371043
124 -2.728867517472069
125 -2.726635320366337
126 -2.743880801948605
127 -2.740375393154502
128 -2.7264333873440827
129 -2.7418084359894817
130 -2.74918004268567
131 -2.7178110491425715
132 -2.7221510166889256
133 -2.725645008260896
134 -2.7319324761110777
135 -2.7223181292771494
136 -2.724923598621043
137 -2.728987721207138
138 -2.717758871682735
139 -2.707850307509365
140 -2.7090850740928225
141 -2.713962201523747
142 -2.697657549688169
143 -2.6887487439237434
144 -2.671611670855266
145 -2.642291106654705
146 -2.6398199856785536
147 -2.6389578533037352
148 -2.6280722086612935
149 -2.630393899338195
150 -2.6222183151058305
151 -2.6228920831134785
152 -2.616091370259721
153 -2.5978093134742157
154 -2.587962775345599
155 -2.587397375816805
156 -2.5734064384288375
157 -2.5630599986063487
158 -2.5729205001860214
159 -2.5699606242755038
160 -2.5646305844742883
161 -2.570639850678628
162 -2.5136371245146223
163 -2.4945874886091097
164 -2.4922930181883753
165 -2.4763555764596648
166 -2.4507601974846307
167 -2.4356064691001276
168 -2.4244547692341367
169 -2.4197201923663347
170 -2.4135183911255433
171 -2.4165265375744607
172 -2.414360305162771
173 -2.3989445566068524
174 -2.4001403738665714
175 -2.3880236509939365
176 -2.3662558755865257
177 -2.3700799165320263
178 -2.363775178690694
179 -2.3586846022545815
180 -2.342185096671626
181 -2.331322392315092
182 -2.323683029545328
183 -2.30499409047824
184 -2.2937409436806275
185 -2.2860384264543057
186 -2.2727906385099814
187 -2.2607827122811357
188 -2.2465529779890527
189 -2.2243118980988643
190 -2.2157325300974735
191 -2.20283989253967
192 -2.1943951444196577
193 -2.1864879311272842
194 -2.1710662674672667
195 -2.1576694142438315
196 -2.169470633618934
197 -2.155169611678162
198 -2.1579481832193936
199 -2.1507451079697026
200 -2.1654760194733584
201 -2.1719883769880233
202 -2.170772993390598
203 -2.151538246414015
204 -2.1454821990670956
205 -2.0709499365740913
206 -2.0529374744323095
207 -2.052764334936252
208 -2.0573148253290783
209 -2.0397884158405946
210 -2.0352597089847677
211 -2.0085220190134705
212 -2.004314399533139
213 -2.002849984729307
214 -1.9751393205281462
215 -1.9751502482934833
216 -1.9719164418719843
217 -1.9586670481513488
218 -1.959313031904514
219 -1.9570988882750409
220 -1.9587520709347506
221 -1.9409942703687966
222 -1.940797238999536
223 -1.9347397858286557
224 -1.9279194202321186
225 -1.9175313690569207
226 -1.8999033718502052
227 -1.897789544879329
228 -1.904324893852686
229 -1.898166886335581
230 -1.896773748869618
231 -1.8633073533719
232 -1.8674890848014196
233 -1.8693049608010819
234 -1.861626137425643
235 -1.8659488009241358
236 -1.871354345046926
237 -1.8617633662016246
238 -1.8182562834893385
239 -1.816111649489623
240 -1.8122768268388898
241 -1.7978672033264282
242 -1.7766665277658251
243 -1.762334025626133
244 -1.708032036478854
245 -1.6552390577169733
246 -1.643957072911414
247 -1.6363360220249799
248 -1.6379721414010895
249 -1.638599504108604
250 -1.6316407159719355
251 -1.631139245398481
252 -1.631002248374221
253 -1.629718905762108
254 -1.6211919704461473
255 -1.624907413611671
256 -1.6326170999292307
257 -1.5976441082353312
258 -1.5935569279367041
259 -1.583567098471333
260 -1.587414274707213
261 -1.5807016514682437
262 -1.5736689160359696
263 -1.565231347918877
264 -1.5674134364589414
265 -1.5643083210663606
266 -1.5341587080303163
267 -1.5336565881244015
268 -1.492523140123954
269 -1.486879645966026
270 -1.4863002622883938
271 -1.4770195661422771
272 -1.4710554748627116
273 -1.4753802469183457
274 -1.4788587560098294
275 -1.4494520173660883
276 -1.4505748062990604
277 -1.4368379843165402
278 -1.431421119133075
279 -1.4284525281950016
280 -1.427280606631228
281 -1.4287597020668137
282 -1.4279692170124565
283 -1.4351042724561787
284 -1.4319180624764212
285 -1.4323549994229354
286 -1.418931040006483
287 -1.3840224772917809
288 -1.3621600115173946
289 -1.3665351844451694
290 -1.3637398267527978
291 -1.366170589586744
292 -1.3572224195716234
293 -1.352392037019463
294 -1.3560124569375156
295 -1.3531698233488163
296 -1.353170791869896
297 -1.356023151883722
298 -1.3550069994471634
299 -1.3565230907628072
300 -1.3550437134698916
301 -1.3539646229651223
302 -1.337846004935153
303 -1.3364188025586246
304 -1.3318750829169046
305 -1.338321005060609
306 -1.3326575210745426
307 -1.3229187375122389
308 -1.3184639980220472
309 -1.3137287283203314
310 -1.3174171023823356
311 -1.2875748198716594
312 -1.2886531254020819
313 -1.2866425628727822
314 -1.2848794804110044
315 -1.2856187979051361
316 -1.2830852397539083
317 -1.283360586353251
318 -1.2805648469333222
319 -1.2805170790246048
320 -1.2845914305680346
321 -1.2816394122135875
322 -1.2688129504291865
323 -1.2644104635949596
324 -1.2630679682359247
325 -1.266894234085778
326 -1.264046193911492
327 -1.2587683850052218
328 -1.258768722707641
329 -1.2514005603405132
330 -1.2642050782115952
331 -1.2638583192763084
332 -1.2630236357116027
333 -1.261959365873487
334 -1.2497913721482228
335 -1.2442412829704543
336 -1.2418085383545838
337 -1.242293604562484
338 -1.2314959086706838
339 -1.2335153755574801
340 -1.2231717447165595
341 -1.2242737318334518
342 -1.2242021829048901
343 -1.2242024868370673
344 -1.2240612064248553
345 -1.2207888432854153
346 -1.2224280546380966
347 -1.209704504886446
348 -1.20840045104081
349 -1.2096335815451915
350 -1.2099151607277279
351 -1.2095785972311113
352 -1.2075752507528208
353 -1.2004798255359628
354 -1.1964357451599241
355 -1.1949547594081813
356 -1.1879929285430657
357 -1.1869243527618583
358 -1.1830599811563463
359 -1.1807925889189281
360 -1.180246707669334
361 -1.1780867591448054
362 -1.170056518491912
363 -1.1694071148385021
364 -1.163898792777905
365 -1.15805723088098
366 -1.1575531800724341
367 -1.1316537000916511
368 -1.1295307123127905
369 -1.1231359888797436
370 -1.1212326623962703
371 -1.1101034618749415
372 -1.1010584285953944
373 -1.0890356551511369
374 -1.0873598513649347
375 -1.0856379248037678
376 -1.0812249573932633
377 -1.0761312012928794
378 -1.0640605591245467
379 -1.0614053974345197
380 -1.0598594822569771
381 -1.0598340964318005
382 -1.0591278629531464
383 -1.0558179764283155
384 -1.0549822355993015
385 -1.053302892354975
386 -1.054361789354796
387 -1.0555546845432247
388 -1.053267665248407
389 -1.0507964039980366
390 -1.045653175985024
391 -1.0445523922942108
392 -1.046802259175212
393 -1.0411720609316724
394 -1.0303122608077486
395 -1.023491778783934
396 -1.0211140604803775
397 -1.0166636588124058
398 -1.0056389375726213
399 -1.0052808491274057
400 -0.9915967844461085
401 -0.9896728698789655
402 -0.9882189930920383
403 -0.9857491813985783
404 -0.9876779914791366
405 -0.9860808023165525
406 -0.9837683540525293
407 -0.9844244436333615
408 -0.9863626136505562
409 -0.9858611054096292
410 -0.9864741011994359
411 -0.9852355634462632
412 -0.9762720720744882
413 -0.9731650823727483
414 -0.9682369830138196
415 -0.9631598026455235
416 -0.9600200011931124
417 -0.9597889074290086
418 -0.9604992756238994
419 -0.9603466856694982
420 -0.9548363836400559
421 -0.9563999158275633
422 -0.956777918898007
423 -0.9538321628039714
424 -0.9537743571462666
425 -0.9532963752331238
426 -0.9521262778063002
427 -0.9496581505083973
428 -0.9473829262997692
429 -0.9482659893016543
430 -0.9436271094346046
431 -0.9409996296840037
432 -0.9284653865287545
433 -0.9247044769631666
434 -0.9206202926850618
435 -0.9209881565691983
436 -0.9200619004621863
437 -0.9126718448164568
438 -0.911511471861657
439 -0.9107032745553216
440 -0.9068817044803247
441 -0.9070508366090404
442 -0.9065390514812546
443 -0.9056422089507752
444 -0.9050152432891244
445 -0.9019393194285409
446 -0.8997574556362672
447 -0.8988466119943568
448 -0.8924884986639275
449 -0.8924805323229966
450 -0.8914983805205873
451 -0.8886955433434301
452 -0.8884811139316008
453 -0.8884811282471976
454 -0.878415480802117
455 -0.8773020530525315
456 -0.875311443970927
457 -0.8725524823900667
458 -0.8722988426653828
459 -0.8708887096102803
460 -0.8585398493944515
461 -0.8585398670680277
462 -0.85562744134586
463 -0.8519985929553547
464 -0.851076309304257
465 -0.850898211906473
466 -0.850902249533377
467 -0.8315673102430244
468 -0.8310125870659162
469 -0.8302454524676464
470 -0.8304797679737893
471 -0.8303706474101318
472 -0.8230704043337463
473 -0.8268122502830746
474 -0.8352992286410579
475 -0.8351679883519763
476 -0.833194819207024
477 -0.8320131273192477
478 -0.8315113828011444
479 -0.831748939933399
480 -0.8323052814154523
481 -0.8319968168938098
482 -0.8282053260388967
483 -0.8275199525618565
484 -0.8289731717211112
485 -0.8288258415145148
486 -0.8299787915549075
487 -0.8295513950903288
488 -0.8289246879630778
489 -0.8293380297101277
490 -0.8336881367225003
491 -0.8248597117524638
492 -0.8232332159178446
493 -0.8219799884493609
494 -0.8223942768598039
495 -0.8218328127782869
496 -0.8155500226907749
497 -0.8131539920255239
498 -0.8135739103224053
499 -0.8135905161725874
500 -0.8119473305440055
501 -0.8091581559445344
502 -0.8059152558574909
503 -0.8058071199073324
504 -0.8052796967918683
505 -0.8037405360147343
506 -0.8075394102424627
507 -0.8069277098341295
508 -0.8065731694945641
509 -0.806652858677592
510 -0.8062396785956539
511 -0.8057741314183838
512 -0.8055838330620702
513 -0.8051631678492217
514 -0.7998322226612163
515 -0.7998033536790798
516 -0.7996931717834123
517 -0.7991851211713389
518 -0.7968799047728773
519 -0.7949973424042196
520 -0.7932760532457558
521 -0.7931951477800792
522 -0.7939438865890178
523 -0.7925139530219131
524 -0.7921030845915092
525 -0.7909610307469421
526 -0.7910265559989548
527 -0.7818755829458357
528 -0.7798801749881497
529 -0.7798556942987582
530 -0.7780432885456612
531 -0.7808947933792149
532 -0.7797678723048254
533 -0.7785602991812436
534 -0.7763404733186469
535 -0.7745101122612222
536 -0.774110932522261
537 -0.7738868821110892
538 -0.7742443833791085
539 -0.7736337970113246
540 -0.7720598406412418
541 -0.7724522544257713
542 -0.7716962074101319
543 -0.7655550661126427
544 -0.7648049058662023
545 -0.7657270977535301
546 -0.7651128567366884
547 -0.7649963145628409
548 -0.7649290763583577
549 -0.7661161487241825
550 -0.765722291433119
551 -0.7652300975990918
552 -0.7641057084872409
553 -0.7654936847806272
554 -0.7668456626920186
555 -0.7659807751021486
556 -0.7661713922137138
557 -0.7645184260258732
558 -0.7645063000060173
559 -0.764463254119462
560 -0.7638402996895938
561 -0.7637333475998545
562 -0.7634483385398464
563 -0.7612277500210709
564 -0.7609891465360332
565 -0.7592825121528277
566 -0.7584225625353834
567 -0.7579476592539582
568 -0.7579176562542773
569 -0.7578787726603289
570 -0.7585690522719962
571 -0.7581367024849002
572 -0.7572463917219759
573 -0.7550579796757599
574 -0.7516633089586149
575 -0.7511153901403174
576 -0.7430833080115078
577 -0.7416506582475396
578 -0.7415953115886386
579 -0.7415701920228169
580 -0.7412208454672783
581 -0.7411702878248668
582 -0.7410759299777224
583 -0.7410515222199854
584 -0.742195950584635
585 -0.7414139219179763
586 -0.7411337315340706
587 -0.7433029670078953
588 -0.743246909955162
589 -0.7432407965516733
590 -0.7440520357750514
591 -0.7440120616209649
592 -0.7445566424363829
593 -0.7446286191517412
594 -0.742748788873348
595 -0.742183548908556
596 -0.742114957794615
597 -0.7423520626109301
598 -0.7423429683221849
599 -0.7422009476187066
600 -0.7420891630753281
601 -0.7420559271407156
602 -0.7417940077863857
603 -0.7431461498360494
604 -0.7431461500972805
605 -0.743140489670898
606 -0.7424571350256092
607 -0.7428892841729904
608 -0.7423096270715198
609 -0.7422202866508769
610 -0.7432857048079666
611 -0.7432803917132249
612 -0.7432215668604898
613 -0.7433887185979342
614 -0.7433427177228342
615 -0.7432313772454417
616 -0.7433197417465968
617 -0.7408017666406929
618 -0.7410338688740044
619 -0.740565078774181
620 -0.740554940153998
621 -0.7404935070209799
622 -0.7404849311173793
623 -0.7403516900101554
624 -0.7403170993759556
625 -0.7312245402044829
626 -0.7311183404306866
627 -0.7307213762513469
628 -0.7303580979940636
629 -0.7308715895407624
630 -0.7305570778204561
631 -0.7304746443743065
632 -0.7308355123063166
633 -0.7311100163400921
634 -0.7309678870672189
635 -0.730862047153997
636 -0.7299613459078992
637 -0.7299590373328665
638 -0.7299131664140859
639 -0.7297477267794058
640 -0.7287825539182382
641 -0.7287395552616226
642 -0.7281947425383927
643 -0.7276983475450083
644 -0.7280258278508853
645 -0.7279658762352539
646 -0.7279793673035713
647 -0.7279476904048542
648 -0.7278596909609758
649 -0.7276267719593452
650 -0.7273014875620252
651 -0.7268715711400662
652 -0.724466536799813
653 -0.7244278932007289
654 -0.7243466505263992
655 -0.7247520230885655
656 -0.7222723426525324
657 -0.7213490946760948
658 -0.721179126038909
659 -0.7211702219659528
660 -0.7211644267847083
661 -0.7210188071025604
662 -0.719724294978119
663 -0.719624769899578
664 -0.719187109517597
665 -0.7195956277503777
666 -0.7194702295657021
667 -0.7194609973405749
668 -0.7197126421982024
669 -0.7197526516600543
670 -0.7198515222974966
671 -0.71982154348431
672 -0.7178277130194295
673 -0.7140896477671789
674 -0.7139390543156973
675 -0.7139325504773376
676 -0.7138775333052312
677 -0.7150417426685901
678 -0.7149690363806723
679 -0.7133231867203996
680 -0.7133204049900078
681 -0.7135066219792279
682 -0.7134851515585918
683 -0.7141591798365741
684 -0.7131355996054883
685 -0.7135520966996246
686 -0.7134265311931308
687 -0.7118805138665067
688 -0.7119260850646407
689 -0.7119238238380307
690 -0.7104595334946915
691 -0.7101906605911248
692 -0.7101860309864462
693 -0.7101473165663339
694 -0.7101462461519017
695 -0.7097870218890322
696 -0.7096508680607886
697 -0.7097743108588566
698 -0.7090712852781673
699 -0.7085039614934583
700 -0.708874399130406
701 -0.7088248061403807
702 -0.7088155546564526
703 -0.7086647712860784
704 -0.7086400630580945
705 -0.7092372464902383
706 -0.70921955846954
707 -0.7092195584818444
708 -0.7092023719523359
709 -0.7091866865155626
710 -0.7091477152070507
711 -0.7091706876056589
712 -0.7092109985838715
713 -0.7083900907621258
714 -0.7066646596173808
715 -0.7061785547413624
716 -0.7061779108693612
717 -0.706229788429404
718 -0.7062165756116224
719 -0.7056713285231188
720 -0.7056080478745681
721 -0.7056959383177963
722 -0.7056845679845013
723 -0.7056793412385515
724 -0.7055440382860376
725 -0.705459692480113
726 -0.7055084831683894
727 -0.7054851425555908
728 -0.7054922742997747
729 -0.7055447373884036
730 -0.7054814798716088
731 -0.7054794144753894
732 -0.7054719072741155
733 -0.7054768873942062
734 -0.7054679688301984
735 -0.705503476394483
736 -0.7054990051725204
737 -0.7054610150972322
738 -0.7054281248270541
739 -0.7054244170197433
740 -0.7054045505688166
741 -0.7054045505722917
742 -0.7053873942454669
743 -0.7053817910971691
744 -0.7053708554129157
745 -0.7053423156237557
746 -0.705162720055997
747 -0.7051627200625361
748 -0.7039668125675487
749 -0.7039569578753885
750 -0.7039552626125818
751 -0.7039537136582006
752 -0.7039154834047168
753 -0.7039630430860979
754 -0.703948378112978
755 -0.7037904161057479
756 -0.7037946497459386
757 -0.7037897081122109
758 -0.7037828440125737
759 -0.7037802138946526
760 -0.7034153944301424
761 -0.7033950306924818
762 -0.703208974244431
763 -0.703204188679557
764 -0.7025620256471904
765 -0.7025708771371136
766 -0.7025702951827288
767 -0.7025889188435804
768 -0.7025815214791574
769 -0.7021248379752499
770 -0.7021143368949494
771 -0.7020300958049475
772 -0.7020131018157088
773 -0.7020130607589782
774 -0.7020742807313569
775 -0.7017473049364081
776 -0.7017855507990306
777 -0.7017709728053225
778 -0.7010635025622106
779 -0.7010271342914782
780 -0.7010183070987451
781 -0.7010375388902735
782 -0.7010356889750069
783 -0.7002050071714168
784 -0.7002154875071814
785 -0.7002090960110511
786 -0.7002000572908663
787 -0.6997801063563134
788 -0.6989982083500907
789 -0.6989824247815658
790 -0.6989579625630371
791 -0.6989579220187657
792 -0.6989367361832435
793 -0.6988137634070182
794 -0.6988089628802007
795 -0.6988056311772645
796 -0.6988048540593322
797 -0.6987692339708418
798 -0.6987595600897534
799 -0.697855443446736
800 -0.6978579433689323
801 -0.6978739047448274
802 -0.697552523451188
803 -0.6966587226727465
804 -0.6958586652404616
805 -0.6958707601055185
806 -0.6958683203009209
807 -0.6957903346072498
808 -0.6957900542953087
809 -0.6957942879354994
810 -0.6957940574613162
811 -0.6957872087624102
812 -0.6952594677447846
813 -0.694812378810294
814 -0.6948123569910643
815 -0.6948105371301253
816 -0.6948245804577611
817 -0.6948222496766835
818 -0.6945667058318495
819 -0.6945645276092588
820 -0.6945660037883162
821 -0.694561135890523
822 -0.6945737538577577
823 -0.6945729664191981
824 -0.6945651689270111
825 -0.6945647886394355
826 -0.6945641649305214
827 -0.6945629093444949
828 -0.6945619112472988
829 -0.6945525338579049
830 -0.6945525195423085
831 -0.6945503688821117
832 -0.6945814453792392
833 -0.6945791999753931
834 -0.6945701125932361
835 -0.6945582080234227
836 -0.6945550081602059
837 -0.6943451137120688
838 -0.6943441797290522
839 -0.6943440426372556
840 -0.6939257005355032
841 -0.6936902961703009
842 -0.6936921831985504
843 -0.6937027104354204
844 -0.6937192917353696
845 -0.6937191401446764
846 -0.6936404075831742
847 -0.6936351273661818
848 -0.6936220750377929
849 -0.693621559894964
850 -0.6936140488304452
851 -0.6936138582073628
852 -0.6936133123499084
853 -0.6929271530752719
854 -0.6929246511063955
855 -0.691998435267036
856 -0.6919971836547336
857 -0.6919996365163609
858 -0.691997273590538
859 -0.6919968341465489
860 -0.6918748591850669
861 -0.6918748306404668
862 -0.6918744988603359
863 -0.6918010124045914
864 -0.6917997220811923
865 -0.6917964351816593
866 -0.6916006493578283
867 -0.6915995353339597
868 -0.6915005331214616
869 -0.6914997721915825
870 -0.6915052012384706
871 -0.6915046382445543
872 -0.6913704421768149
873 -0.6912631006630077
874 -0.6912550464544907
875 -0.6912541711844887
876 -0.6912541342334314
877 -0.691255610412489
878 -0.6912549132934966
879 -0.6912538179086659
880 -0.6912549254147862
881 -0.6912543407573297
882 -0.691157585776997
883 -0.6911575552113416
884 -0.690814332450864
885 -0.690812020695737
886 -0.6906847457682296
887 -0.69053638981874
888 -0.6905344101185751
889 -0.6905344101186944
890 -0.6904217016643459
891 -0.6904202769196561
892 -0.6904220914259138
893 -0.690421103992182
894 -0.6901969308791058
895 -0.6901965258391549
896 -0.690195993515567
897 -0.6901959879694115
898 -0.6901955390196414
899 -0.6894145588628523
900 -0.689415111006098
901 -0.6894097188142674
902 -0.6894117250087222
903 -0.6894111916808985
904 -0.6894101802190988
905 -0.6894113254305496
906 -0.6894097670773109
907 -0.6893153035170362
908 -0.6893152635442
909 -0.6893146040343037
910 -0.6892545882166089
911 -0.6892531259869028
912 -0.6891675087741059
913 -0.6891661159093988
914 -0.6891655032802004
915 -0.6891644083676275
916 -0.6891629037611264
917 -0.6891564690768103
918 -0.6890306942531852
919 -0.6890292391019733
920 -0.6890284574657098
921 -0.6890272844624288
922 -0.6890268169547685
923 -0.6890267649943287
924 -0.6890244578043638
925 -0.6890228895091929
926 -0.6890226904328166
927 -0.6888231892651143
928 -0.6888231134672583
929 -0.6888228989813191
930 -0.6888226728760488
931 -0.6888223129047333
932 -0.6887834727352269
933 -0.6887825080364778
934 -0.6887821377788622
935 -0.6887821377788925
936 -0.6887815418016204
937 -0.6883982763485856
938 -0.6883974693729896
939 -0.6883962432742382
940 -0.6883962026507608
941 -0.6883928838816217
942 -0.6883927858316672
943 -0.688390936160463
944 -0.688385835746562
945 -0.6883857254081204
946 -0.6883836315934839
947 -0.688310483119003
948 -0.6881153379890326
949 -0.6881152513066435
950 -0.6881151794301462
951 -0.688114524651717
952 -0.6881144032629121
953 -0.6881138259111566
954 -0.6881135093179015
955 -0.6881134459594307
956 -0.6881133407158917
957 -0.688113158949642
958 -0.688113143875336
959 -0.6881129880407592
960 -0.6881128204995097
961 -0.6873644942643766
962 -0.6873642493483924
963 -0.687364125068237
964 -0.6873640499733235
965 -0.6873619802227798
966 -0.6871912577956054
967 -0.6871910762533381
968 -0.6871908776484641
969 -0.6871904080308832
970 -0.6871900129797242
971 -0.6871898359377961
972 -0.6871892589972883
973 -0.6871890977663924
974 -0.6871867197153824
975 -0.6871856525547204
976 -0.686985146664097
977 -0.6869013334422205
978 -0.6868596427397746
979 -0.6868595611136755
980 -0.6868595021586118
981 -0.6868592002524635
982 -0.6868589508701018
983 -0.6868587828803078
984 -0.6868587767179127
985 -0.6868587450497161
986 -0.6868586924212802
987 -0.6868581745527504
988 -0.6868579867239715
989 -0.6868576505517969
990 -0.6868497479978093
991 -0.6868495669292588
992 -0.686574058129158
993 -0.6865740572042155
994 -0.6865739717571611
995 -0.6865739717571716
996 -0.6863178037187618
997 -0.6860647220512213
998 -0.6860289274683394
999 -0.6860284868847664
