0 -0.04560810810810811
1 -0.0929054054054054
2 -0.15202702702702703
3 -0.17229729729729729
4 -0.39508551520270274
5 -0.4111328125
6 -0.46518686655405406
7 -0.5209301097972973
8 -0.5412003800675675
9 -0.5737518475506757
10 -0.8943242467931796
11 -1.3254908521443873
12 -1.3962941875543184
13 -1.414470520595123
14 -1.6623049349474945
15 -1.7026482098630351
16 -1.6894030768393868
17 -1.2927048965028207
18 -1.387277406185783
19 -1.4079699737533504
20 -1.460314426579751
21 -1.4225312193307538
22 -1.4258832041280507
23 -1.472589285209132
24 -1.4232831807037476
25 -1.4137645996226664
26 -1.2441867249038694
27 -1.3039206776065722
28 -1.2963626838175952
29 -1.377159087792227
30 -1.3970070607651999
31 -1.569794977568606
32 -1.6299224656916074
33 -1.729847831572625
34 -1.7256269700861384
35 -1.747075449815868
36 -1.76632169400928
37 -1.7099524029061484
38 -1.574115594417973
39 -1.5846285018199087
40 -1.5860092596208615
41 -1.6096362221269147
42 -1.6844218185110411
43 -1.6999726681768312
44 -1.6999066842241284
45 -1.8354255439774894
46 -1.8823087523812057
47 -1.885182630903451
48 -1.8673483147528884
49 -1.7639615522885201
50 -1.7351709797792936
51 -1.7147723707210163
52 -1.762548611234101
53 -1.8291466882020249
54 -1.7311325298971674
55 -1.6344065855628596
56 -1.6383471552228905
57 -1.6142157550385567
58 -1.4315110290478337
59 -1.3786046226353743
60 -1.317813649250414
61 -1.056696934285575
62 -1.051675585936329
63 -1.0536831942778553
64 -1.061479418615979
65 -1.029374211193362
66 -1.0216587935798493
67 -1.0345440773557533
68 -1.036287062679066
69 -0.9938675038901139
70 -0.9986031614128434
71 -0.9857047741130208
72 -0.9978614927856195
73 -0.9364795173068801
74 -0.9239497634968759
75 -0.9227018419913859
76 -0.8924353417989347
77 -0.8874622684397916
78 -0.8874540204457038
79 -0.9030025425343945
80 -0.9012768164477454
81 -0.9366077514065736
82 -0.9078639577033698
83 -0.9066476393601183
84 -0.9408095868275506
85 -0.995459510607061
86 -1.0018237909181367
87 -0.9883492284051566
88 -0.9872720403772849
89 -0.9910514792724333
90 -0.9687215991987468
91 -0.9688400780407868
92 -0.9663779206679681
93 -0.9988298885629939
94 -0.9919189653094668
95 -1.0212538941332865
96 -1.0329738888738131
97 -1.0708425706149545
98 -1.0165399563534647
99 -0.9860509643107005
100 -0.965930229783933
101 -0.908398099271252
102 -0.9077337009022067
103 -0.9082495830978599
104 -0.8518068116434029
105 -0.8609007372364871
106 -0.8609172332246627
107 -0.8807603256153074
108 -0.8804274209447853
109 -0.8990446206597038
110 -0.9079643836727987
111 -0.9112633469389958
112 -0.92204565442179
113 -0.9219589086774203
114 -0.9218874341224502
115 -0.8673514153839617
116 -0.8658573229361527
117 -0.8657584947879297
118 -0.8694671438289969
119 -0.8686046585048576
120 -0.8694887746349061
121 -0.8694882591352756
122 -0.8683277246453137
123 -0.8764792357578259
124 -0.876461018353808
125 -0.8898360110290039
126 -0.868894840497226
127 -0.8582990553021642
128 -0.7490523837303782
129 -0.749060631724466
130 -0.7391053670492522
131 -0.7391052381743446
132 -0.7390581164600205
133 -0.7408303465583554
134 -0.7509795786910783
135 -0.7222676391856815
136 -0.7222226360288126
137 -0.7222073967280884
138 -0.7118972030615708
139 -0.7118877978951889
140 -0.6909574375893375
141 -0.6993480369296964
142 -0.699400101494048
143 -0.7003968959175273
144 -0.7003934945049696
145 -0.700268211661389
146 -0.7002238601152977
147 -0.7006428303174581
148 -0.7004873874112885
149 -0.7004879029109189
150 -0.7004827022466212
151 -0.7001424997147301
152 -0.7017095661566125
153 -0.6979931718935269
154 -0.6979625118767754
155 -0.6978931167661586
156 -0.6978824147359982
157 -0.6978820102832127
158 -0.6978795252000144
159 -0.697829241515516
160 -0.6978292415155162
161 -0.6974012116315883
162 -0.6974010680300284
163 -0.6974307218885488
164 -0.6974008939847727
165 -0.6974008939847727
166 -0.6973981335321902
167 -0.6973979305957425
168 -0.6973971137272112
169 -0.6973849965788598
170 -0.6973726328033582
171 -0.6973538097206496
172 -0.69735285441677
173 -0.6973399075386577
174 -0.6973397207719542
175 -0.6973433627446791
176 -0.7012168886909468
177 -0.7012078023520871
178 -0.701204911910045
179 -0.7021480546340133
180 -0.70214518203184
181 -0.7021425795608925
182 -0.7021425679712773
183 -0.7021424245450543
184 -0.7001936333888179
185 -0.700193632855155
186 -0.7001930677594415
187 -0.699963190841169
188 -0.6999631902324155
189 -0.6999480233321967
190 -0.6999441282614154
191 -0.7017974585513379
192 -0.7027491458950025
193 -0.7027485473191115
194 -0.7027463253924086
195 -0.6983557322773433
196 -0.6983556047748803
197 -0.6983551440043813
198 -0.6987409821079688
199 -0.6990927196227544
200 -0.6990924542092684
201 -0.6989371711006007
202 -0.6989371172500513
203 -0.6989371171958084
204 -0.698937076611578
205 -0.6930830592637585
206 -0.6931125627654929
207 -0.6927811317239301
208 -0.6928272895366911
209 -0.6927732998300814
210 -0.6927732015780881
211 -0.6927732010910228
212 -0.6927958074207965
213 -0.6927951778936925
214 -0.6927947861773827
215 -0.6927915249003471
216 -0.6927915056672977
217 -0.6927858769985324
218 -0.6927895227090747
219 -0.6927893517676362
220 -0.6927893474079457
221 -0.6927893456143686
222 -0.692789333767289
223 -0.6927893224522347
224 -0.6927956829630517
225 -0.6927956828958433
226 -0.6927956772795701
227 -0.6927956772462569
228 -0.69279567657999
229 -0.6927967386693306
230 -0.6927967335490707
231 -0.692796733218002
232 -0.6927969450262133
233 -0.691367811696966
234 -0.6913678053324797
235 -0.6913677736029433
236 -0.6913680207138042
237 -0.6913650497490349
238 -0.6913650497480806
239 -0.69136503123833
240 -0.6898051693049744
241 -0.6898051672648211
242 -0.6872494230018231
243 -0.6872495502933109
244 -0.6872495502537947
245 -0.6854874112396272
246 -0.6854874081530198
247 -0.6854874712605183
248 -0.6854874684931779
249 -0.6854874684898925
250 -0.6854874965507796
251 -0.6854874961326793
252 -0.6843987237079675
253 -0.6842742146593335
254 -0.6842742286739845
255 -0.684274228430236
256 -0.6842742282562875
257 -0.6842742351449251
258 -0.6842742351091164
259 -0.6842742350939812
260 -0.6842742350920147
261 -0.6830949741799752
262 -0.6830950114122277
263 -0.6830950110395587
264 -0.6830950098831576
265 -0.6830950097634799
266 -0.6830950097065442
267 -0.6813219459967743
268 -0.680936960479965
269 -0.6809369604798139
270 -0.6809369604546939
271 -0.6807957554039761
272 -0.6807957526501325
273 -0.6807957526173846
274 -0.6807957526027301
275 -0.6807957457777517
276 -0.6807957450947455
277 -0.6807813307013922
278 -0.6807813288545417
279 -0.6807813278949002
280 -0.6807813278949002
281 -0.6807813274992872
282 -0.6807813263610587
283 -0.6807813263543492
284 -0.6807444475836075
285 -0.6807444467604019
286 -0.6807444440100686
287 -0.680744444008381
288 -0.6807259973274697
289 -0.6807259971658232
290 -0.6807259971658213
291 -0.6807259971629619
292 -0.6807259968894622
293 -0.6807259968887209
294 -0.6805161754548811
295 -0.680516175444743
296 -0.6805161752807902
297 -0.6805161752786499
298 -0.6805161752543316
299 -0.6805161750512053
300 -0.6805161747554253
301 -0.6805161747357359
302 -0.6805161747120738
303 -0.6805161746814604
304 -0.6805161746494804
305 -0.6805161746488689
306 -0.6804659436903171
307 -0.6804659436848006
308 -0.6804659436847699
309 -0.6804629392675748
310 -0.6804629392672464
311 -0.6804629392666062
312 -0.6804629392649516
313 -0.6804615053750203
314 -0.6804615053750003
315 -0.6804615053738362
316 -0.6804615053728267
317 -0.6804615053717396
318 -0.6804615053674359
319 -0.6804615053672611
320 -0.680461505366194
321 -0.6804615053660396
322 -0.6804615053636357
323 -0.6804615053634828
324 -0.6804607632706396
325 -0.6804607632703298
326 -0.680452842121119
327 -0.6804469849095673
328 -0.6804469848998101
329 -0.680446984899699
330 -0.6804469848842585
331 -0.680446984878429
332 -0.6804309882435383
333 -0.6804309882434465
334 -0.6804309882411684
335 -0.6804309882390029
336 -0.6804309882389972
337 -0.6804309882387212
338 -0.6804137649341649
339 -0.680411536847173
340 -0.6804115368471697
341 -0.6804115368450919
342 -0.6804115368450917
343 -0.6804115368448935
344 -0.6804090454422701
345 -0.6804090454418833
346 -0.6804090454418822
347 -0.6804090454414777
348 -0.6804090454402398
349 -0.6804090454402362
350 -0.680409045440227
351 -0.6804089641030115
352 -0.6804089641025225
353 -0.6804086081606475
354 -0.6804086081605017
355 -0.6804086081588564
356 -0.6804086081570501
357 -0.6804086078590337
358 -0.680408607856617
359 -0.680408607856127
360 -0.6804086078558106
361 -0.6804086078558106
362 -0.6804086078554875
363 -0.680408607855393
364 -0.6804086068344284
365 -0.6804080348864715
366 -0.6804080348860939
367 -0.6804080348858501
368 -0.6804055891995748
369 -0.6804055891994689
370 -0.6804051083210666
371 -0.6804051083205028
372 -0.6804051083203452
373 -0.6804051083201115
374 -0.6804051083197409
375 -0.6804043269399037
376 -0.680403668839379
377 -0.6804036468433468
378 -0.6804036468432928
379 -0.6804036468431006
380 -0.6804032155218706
381 -0.6804032155218698
382 -0.6804032155218682
383 -0.680403215521851
384 -0.6804029423859124
385 -0.680402942385798
386 -0.680402942385792
387 -0.6804029423857916
388 -0.6804029423856062
389 -0.6804018897887351
390 -0.6804018897883871
391 -0.6804018880573341
392 -0.6804018795066651
393 -0.6804018653969863
394 -0.6804018653969859
395 -0.6804018653969859
396 -0.6804018653969247
397 -0.6804018653969243
398 -0.6804018653969243
399 -0.6804018653968974
400 -0.6804018653968763
401 -0.6804018653966748
402 -0.6804018653966719
403 -0.6804018653966516
404 -0.680401865396588
405 -0.6804018653965836
406 -0.6804018653965836
407 -0.6804018653964714
408 -0.6804018653964653
409 -0.6804010591749476
410 -0.6804010591237241
411 -0.6804010591237013
412 -0.6804010591236441
413 -0.6804010533362069
414 -0.6804010533361864
415 -0.6804010533361844
416 -0.680401053336148
417 -0.680401053336148
418 -0.6804008030961323
419 -0.6804008030961323
420 -0.6804008030961315
421 -0.6804008030961299
422 -0.6804007158895539
423 -0.6804007158895515
424 -0.6804007158895502
425 -0.6804007158895119
426 -0.6804007158894659
427 -0.6804007158894554
428 -0.6804007153787822
429 -0.6804007153787822
430 -0.680400715378777
431 -0.680400715378766
432 -0.6804007153787631
433 -0.6804007153787631
434 -0.6804007153787631
435 -0.6804007153787631
436 -0.6804007153787631
437 -0.6804007153787621
438 -0.6804007153787621
439 -0.6804007037868819
440 -0.6804007037868819
441 -0.6804007037082014
442 -0.6804007037082008
443 -0.6804007037082006
444 -0.6804007030042403
445 -0.6804007030042395
446 -0.6804006956331536
447 -0.6804006956331536
448 -0.6804006956331417
449 -0.6804006956331417
450 -0.6804006956331413
451 -0.680400695633141
452 -0.6804006955236293
453 -0.6804006955236293
454 -0.6804006955236293
455 -0.6804006955236285
456 -0.6804006955236285
457 -0.6804006955236283
458 -0.680400695523625
459 -0.6804006954580327
460 -0.6804006954580327
461 -0.680400695458027
462 -0.680400695426435
463 -0.6804006914816835
464 -0.6804006914816835
465 -0.6804006908121091
466 -0.6804006908121091
467 -0.6804006250783284
468 -0.6804006250783284
469 -0.6804006250588422
470 -0.6804006250588415
471 -0.6804006250522073
472 -0.6804006250522073
473 -0.6804006250378144
474 -0.6804006250378144
475 -0.6804006250378144
476 -0.6804006250378144
477 -0.6804006250378138
478 -0.6804006250378138
479 -0.6804006250378138
480 -0.6804006250378138
481 -0.6804006250378138
482 -0.6804006250378136
483 -0.6804006250378136
484 -0.6804006250378126
485 -0.6804006250378126
486 -0.6804006250378126
487 -0.6804006250378126
488 -0.6804006250372069
489 -0.6804006250348476
490 -0.6804006250348476
491 -0.6804006250344979
492 -0.6804006250344979
493 -0.6804006250344979
494 -0.680400613913404
495 -0.680400613913404
496 -0.680400613913404
497 -0.680400613913404
498 -0.680400613913404
499 -0.680400613913404
500 -0.680400613913404
501 -0.6804006139134031
502 -0.6804006139110573
503 -0.6804006139110547
504 -0.6804006139110547
505 -0.6804006035261331
506 -0.6804006035261331
507 -0.6804006035261331
508 -0.6804006035261331
509 -0.6804006035261331
510 -0.6804005994329906
511 -0.6804005994312872
512 -0.6804005994312871
513 -0.6804005994287965
514 -0.6804005994287965
515 -0.6804005994287965
516 -0.6804005994287965
517 -0.6804005994287965
518 -0.6804005994287965
519 -0.6804005994287965
520 -0.6804005994287965
521 -0.6804005994287965
522 -0.6804005994287965
523 -0.6804005994287965
524 -0.6804005994287965
525 -0.6804005994287939
526 -0.6804005994287939
527 -0.6804005994287939
528 -0.6804005994287939
529 -0.6804005994287939
530 -0.6804005994285094
531 -0.6804005994285088
532 -0.6804005994285088
533 -0.6804005994285088
534 -0.6804005994285088
535 -0.6804005994285088
536 -0.6804005994285088
537 -0.6804005994285088
538 -0.6804005994285088
539 -0.6804005994285088
540 -0.6804005994285088
541 -0.6804005994285088
542 -0.6804005994285084
543 -0.6804005994285084
544 -0.6804005994285084
545 -0.6804005994285084
546 -0.6804005994285084
547 -0.6804005994285084
548 -0.6804005994285084
549 -0.6804005994285084
550 -0.6804005994285084
551 -0.6804005994285084
552 -0.6804005976482357
553 -0.6804005976482357
554 -0.6804005976482357
555 -0.680400597558184
556 -0.680400597558184
557 -0.680400597558184
558 -0.6804005975581101
559 -0.6804005975581099
560 -0.6804005961771585
561 -0.6804005961771585
562 -0.6804005961771585
563 -0.6804005961771585
564 -0.6804005959206476
565 -0.6804005959206476
566 -0.6804005959206476
567 -0.6804005959149958
568 -0.6804005959149535
569 -0.6804005959149535
570 -0.6804005959149535
571 -0.6804005959149204
572 -0.6804005957158287
573 -0.6804005957158286
574 -0.6804005957158286
575 -0.6804005957158286
576 -0.6804005957157823
577 -0.6804005957157823
578 -0.6804005957157749
579 -0.6804005957157705
580 -0.6804005957157705
581 -0.680400595715764
582 -0.680400595715764
583 -0.680400595715764
584 -0.680400595715764
585 -0.680400595715764
586 -0.680400595715764
587 -0.680400595715764
588 -0.6804005957157607
589 -0.6804005957157607
590 -0.6804005956941241
591 -0.6804005956941241
592 -0.6804005956941241
593 -0.6804005956899409
594 -0.6804005956899409
595 -0.6804005956899406
596 -0.6804005956899406
597 -0.6804005956899406
598 -0.6804005956899406
599 -0.6804005956899406
600 -0.68040059568815
601 -0.68040059568815
602 -0.68040059568815
603 -0.68040059568815
604 -0.68040059568815
605 -0.68040059568815
606 -0.6804005956868409
607 -0.6804005956868409
608 -0.6804005956868409
609 -0.6804005956868409
610 -0.6804005956868406
611 -0.6804005956868406
612 -0.6804005956868406
613 -0.6804005956865132
614 -0.6804005956865132
615 -0.6804005956865132
616 -0.6804005956864585
617 -0.6804005956864585
618 -0.6804005956864585
619 -0.6804005956864585
620 -0.6804005956864585
621 -0.6804005956864176
622 -0.6804005956864057
623 -0.6804005956864057
624 -0.6804005956864057
625 -0.6804005956864057
626 -0.6804005956864057
627 -0.6804005956864057
628 -0.6804005956864057
629 -0.6804005956864057
630 -0.6804005956864057
631 -0.6804005956864057
632 -0.6804005956864057
633 -0.6804005956864057
634 -0.6804005956864057
635 -0.6804005956864057
636 -0.6804005956864057
637 -0.6804005956864057
638 -0.6804005956864057
639 -0.6804005956864057
640 -0.6804005956864057
641 -0.6804005956864057
642 -0.6804005956864057
643 -0.6804005956864057
644 -0.6804005956864057
645 -0.6804005956864057
646 -0.6804005956864057
647 -0.6804005956864057
648 -0.6804005956864057
649 -0.6804005956864057
650 -0.680400595686405
651 -0.680400595686405
652 -0.680400595686405
653 -0.680400595686405
654 -0.680400595686405
655 -0.680400595686405
656 -0.680400595686405
657 -0.680400595686405
658 -0.680400595686405
659 -0.680400595686405
660 -0.6804005956864045
661 -0.6804005956864045
662 -0.6804005956864045
663 -0.6804005956864045
664 -0.6804005956864045
665 -0.6804005956864045
666 -0.6804005956864045
667 -0.6804005956864045
668 -0.6804005956864045
669 -0.6804005956864045
670 -0.6804005956864045
671 -0.6804005956864045
672 -0.6804005956864045
673 -0.6804005956864045
674 -0.6804005956864045
675 -0.6804005956864045
676 -0.6804005956864045
677 -0.6804005956864045
678 -0.6804005956864045
679 -0.6804005956864045
680 -0.6804005956864045
681 -0.6804005956864045
682 -0.6804005956864045
683 -0.6804005956864045
684 -0.6804005956864045
685 -0.6804005956864045
686 -0.6804005956864045
687 -0.6804005956864045
688 -0.6804005956864045
689 -0.6804005956864045
690 -0.6804005956864045
691 -0.6804005956864045
692 -0.6804005956864045
693 -0.6804005956864042
694 -0.6804005956864042
695 -0.6804005956864042
696 -0.6804005956864042
697 -0.6804005956864042
698 -0.6804005956864042
699 -0.6804005956864042
700 -0.6804005956864042
701 -0.6804005956864042
702 -0.6804005956864042
703 -0.6804005956864042
704 -0.6804005956864042
705 -0.680400595686404
706 -0.680400595686404
707 -0.680400595686404
708 -0.680400595686404
709 -0.680400595686404
710 -0.680400595686404
711 -0.680400595686404
712 -0.680400595686404
713 -0.680400595686404
714 -0.680400595686404
715 -0.680400595686404
716 -0.680400595686404
717 -0.680400595686404
718 -0.680400595686404
719 -0.680400595686404
720 -0.680400595686404
721 -0.680400595686404
722 -0.680400595686404
723 -0.680400595686404
724 -0.680400595686404
725 -0.680400595686404
726 -0.680400595686404
727 -0.680400595686404
728 -0.680400595686404
729 -0.680400595686404
730 -0.680400595686404
731 -0.680400595686404
732 -0.680400595686404
733 -0.680400595686404
734 -0.680400595686404
735 -0.680400595686404
736 -0.680400595686404
737 -0.680400595686404
738 -0.680400595686404
739 -0.680400595686404
740 -0.680400595686404
741 -0.680400595686404
742 -0.680400595686404
743 -0.680400595686404
744 -0.680400595686404
745 -0.680400595686404
746 -0.680400595686404
747 -0.680400595686404
748 -0.680400595686404
749 -0.680400595686404
750 -0.680400595686404
751 -0.680400595686404
752 -0.680400595686404
753 -0.680400595686404
754 -0.680400595686404
755 -0.680400595686404
756 -0.680400595686404
757 -0.680400595686404
758 -0.680400595686404
759 -0.680400595686404
760 -0.680400595686404
761 -0.680400595686404
762 -0.680400595686404
763 -0.680400595686404
764 -0.680400595686404
765 -0.680400595686404
766 -0.680400595686404
767 -0.680400595686404
768 -0.680400595686404
769 -0.680400595686404
770 -0.680400595686404
771 -0.680400595686404
772 -0.680400595686404
773 -0.680400595686404
774 -0.680400595686404
775 -0.680400595686404
776 -0.680400595686404
777 -0.680400595686404
778 -0.680400595686404
779 -0.680400595686404
780 -0.680400595686404
781 -0.680400595686404
782 -0.680400595686404
783 -0.680400595686404
784 -0.680400595686404
785 -0.680400595686404
786 -0.680400595686404
787 -0.680400595686404
788 -0.680400595686404
789 -0.680400595686404
790 -0.680400595686404
791 -0.680400595686404
792 -0.680400595686404
793 -0.680400595686404
794 -0.680400595686404
795 -0.680400595686404
796 -0.680400595686404
797 -0.680400595686404
798 -0.680400595686404
799 -0.680400595686404
800 -0.680400595686404
801 -0.680400595686404
802 -0.680400595686404
803 -0.680400595686404
804 -0.680400595686404
805 -0.680400595686404
806 -0.680400595686404
807 -0.680400595686404
808 -0.680400595686404
809 -0.680400595686404
810 -0.680400595686404
811 -0.680400595686404
812 -0.680400595686404
813 -0.680400595686404
814 -0.680400595686404
815 -0.680400595686404
816 -0.680400595686404
817 -0.680400595686404
818 -0.680400595686404
819 -0.680400595686404
820 -0.680400595686404
821 -0.680400595686404
822 -0.680400595686404
823 -0.680400595686404
824 -0.680400595686404
825 -0.680400595686404
826 -0.680400595686404
827 -0.680400595686404
828 -0.680400595686404
829 -0.680400595686404
830 -0.680400595686404
831 -0.680400595686404
832 -0.680400595686404
833 -0.680400595686404
834 -0.680400595686404
835 -0.680400595686404
836 -0.680400595686404
837 -0.680400595686404
838 -0.680400595686404
839 -0.680400595686404
840 -0.680400595686404
841 -0.680400595686404
842 -0.680400595686404
843 -0.680400595686404
844 -0.680400595686404
845 -0.680400595686404
846 -0.680400595686404
847 -0.680400595686404
848 -0.680400595686404
849 -0.680400595686404
850 -0.680400595686404
851 -0.680400595686404
852 -0.680400595686404
853 -0.680400595686404
854 -0.680400595686404
855 -0.680400595686404
856 -0.680400595686404
857 -0.680400595686404
858 -0.680400595686404
859 -0.680400595686404
860 -0.680400595686404
861 -0.680400595686404
862 -0.680400595686404
863 -0.680400595686404
864 -0.680400595686404
865 -0.680400595686404
866 -0.680400595686404
867 -0.680400595686404
868 -0.680400595686404
869 -0.680400595686404
870 -0.680400595686404
871 -0.680400595686404
872 -0.680400595686404
873 -0.680400595686404
874 -0.680400595686404
875 -0.680400595686404
876 -0.680400595686404
877 -0.680400595686404
878 -0.680400595686404
879 -0.680400595686404
880 -0.680400595686404
881 -0.680400595686404
882 -0.680400595686404
883 -0.680400595686404
884 -0.680400595686404
885 -0.680400595686404
886 -0.680400595686404
887 -0.680400595686404
888 -0.680400595686404
889 -0.680400595686404
890 -0.680400595686404
891 -0.680400595686404
892 -0.680400595686404
893 -0.680400595686404
894 -0.680400595686404
895 -0.680400595686404
896 -0.680400595686404
897 -0.680400595686404
898 -0.680400595686404
899 -0.680400595686404
900 -0.680400595686404
901 -0.680400595686404
902 -0.680400595686404
903 -0.680400595686404
904 -0.680400595686404
905 -0.680400595686404
906 -0.680400595686404
907 -0.680400595686404
908 -0.680400595686404
909 -0.680400595686404
910 -0.680400595686404
911 -0.680400595686404
912 -0.680400595686404
913 -0.680400595686404
914 -0.680400595686404
915 -0.680400595686404
916 -0.680400595686404
917 -0.680400595686404
918 -0.680400595686404
919 -0.680400595686404
920 -0.680400595686404
921 -0.680400595686404
922 -0.680400595686404
923 -0.680400595686404
924 -0.680400595686404
925 -0.680400595686404
926 -0.680400595686404
927 -0.680400595686404
928 -0.680400595686404
929 -0.680400595686404
930 -0.680400595686404
931 -0.680400595686404
932 -0.680400595686404
933 -0.680400595686404
934 -0.680400595686404
935 -0.680400595686404
936 -0.680400595686404
937 -0.680400595686404
938 -0.680400595686404
939 -0.680400595686404
940 -0.680400595686404
941 -0.680400595686404
942 -0.680400595686404
943 -0.680400595686404
944 -0.680400595686404
945 -0.680400595686404
946 -0.680400595686404
947 -0.680400595686404
948 -0.680400595686404
949 -0.680400595686404
950 -0.680400595686404
951 -0.680400595686404
952 -0.680400595686404
953 -0.680400595686404
954 -0.680400595686404
955 -0.680400595686404
956 -0.680400595686404
957 -0.680400595686404
958 -0.680400595686404
959 -0.680400595686404
960 -0.680400595686404
961 -0.680400595686404
962 -0.680400595686404
963 -0.680400595686404
964 -0.680400595686404
965 -0.680400595686404
966 -0.680400595686404
967 -0.680400595686404
968 -0.680400595686404
969 -0.680400595686404
970 -0.680400595686404
971 -0.680400595686404
972 -0.680400595686404
973 -0.680400595686404
974 -0.680400595686404
975 -0.680400595686404
976 -0.680400595686404
977 -0.680400595686404
978 -0.680400595686404
979 -0.680400595686404
980 -0.680400595686404
981 -0.680400595686404
982 -0.680400595686404
983 -0.680400595686404
984 -0.680400595686404
985 -0.680400595686404
986 -0.680400595686404
987 -0.680400595686404
988 -0.680400595686404
989 -0.680400595686404
990 -0.680400595686404
991 -0.680400595686404
992 -0.680400595686404
993 -0.680400595686404
994 -0.680400595686404
995 -0.680400595686404
996 -0.680400595686404
997 -0.680400595686404
998 -0.680400595686404
999 -0.680400595686404
