0 -0.1527777777777778
1 -0.3125
2 -0.8881944444444445
3 -0.9437500000000001
4 -1.1600173611111115
5 -0.9296556939019097
6 -0.898300013478597
7 -0.8113397897614374
8 -0.8200203453169929
9 -0.788375989566909
10 -0.5942749696016311
11 -0.3343211946723362
12 -0.02794243618018087
13 1.0583566779529916
14 1.3051335577619927
15 2.0843951980098607
16 2.182019801757645
17 2.2289688804383854
18 2.531110144906604
19 2.56631009332342
20 2.7649563739300076
21 2.8778296250442326
22 2.960262883259819
23 3.106767809278604
24 3.199832443798625
25 3.3816982075525046
26 3.391181666904694
27 3.4229852041150566
28 3.544437972405129
29 3.548213165481258
30 3.6093427119314105
31 3.609618247637426
32 3.6157015081878825
33 3.6157219744610467
34 3.6386129268488623
35 3.638701043209898
36 3.663440138900869
37 3.663482125279012
38 3.663488830947932
39 3.6635202890947474
40 3.6635221391172044
41 3.663526846663074
42 3.6761034778555577
43 3.7262060419023126
44 3.7409844797892444
45 3.740417778788597
46 3.7422637158119474
47 3.7431006712158594
48 3.7432404505058514
49 3.743236211953334
50 3.743234543186585
51 3.7445286555821493
52 3.7452857335793612
53 3.7452904556331683
54 3.755043262309429
55 3.7550453717949597
56 3.7659895420054874
57 3.7659908639518043
58 3.7659943049318096
59 3.7659943811853367
60 3.7662271077136893
61 3.7662426787209884
62 3.7666266106774504
63 3.7666361698975512
64 3.7666362679045866
65 3.7666364308085503
66 3.7666364388387823
67 3.766636502494756
68 3.7666365097011973
69 3.7666365150641417
70 3.7666515378025136
71 3.7666494185262547
72 3.7666583684901687
73 3.766658447658205
74 3.766658457644025
75 3.76685197300147
76 3.7668532540967394
77 3.766853121641973
78 3.7668531286233673
79 3.7668531458042285
80 3.7668530795768453
81 3.7668530844715877
82 3.7669544040940814
83 3.7669544961970423
84 3.7670982956777004
85 3.767098309893706
86 3.7670983162659906
87 3.7671016008322806
88 3.7671528888505605
89 3.767153345482498
90 3.767153346559413
91 3.767153601792875
92 3.7671536018431464
93 3.7671549431188516
94 3.76715569116444
95 3.767155691169
96 3.767182124108007
97 3.7671821244233303
98 3.7672046227989475
99 3.767206314559777
100 3.76720631454664
101 3.7672063431058596
102 3.7672063430806224
103 3.7672063431099
104 3.7672063433521448
105 3.7672063433530028
106 3.7672063433449186
107 3.767206343340876
108 3.767206343340884
109 3.7672063428234828
110 3.767206429723032
111 3.7672064297231724
112 3.767231039251307
113 3.767231043468562
114 3.7672310434680565
115 3.767231043501588
116 3.7672310435192395
117 3.767231043260539
118 3.767231043276711
119 3.767231459501545
120 3.767231459507217
121 3.767231459507217
122 3.767231459507242
123 3.767231459507242
124 3.7672318233504254
125 3.7672318233504267
126 3.7672318233678985
127 3.7672318233679007
128 3.7672318233679016
129 3.7672318233679025
130 3.767231823388609
131 3.767231823494569
132 3.7672318234945377
133 3.7672318234945217
134 3.767231823555493
135 3.7672318235559836
136 3.7672318235559836
137 3.7672318235723714
138 3.767231823573089
139 3.767231823573085
140 3.7672436893512673
141 3.7672437023296745
142 3.7672437024560588
143 3.7672525823929925
144 3.7672525823929925
145 3.7672525824160394
146 3.7672525824160394
147 3.7672525824160394
148 3.7672540746318615
149 3.767254074633909
150 3.7672553696257154
151 3.7672554621551777
152 3.7672554621551777
153 3.767255462576772
154 3.7672554625772694
155 3.7672555321768653
156 3.7672555321768653
157 3.767255532180541
158 3.767255532182859
159 3.7672555438654647
160 3.7672555525468283
161 3.7672555525468283
162 3.7672555525468567
163 3.7672555525468727
164 3.767255555316148
165 3.767255555316891
166 3.767255555316891
167 3.767255555316891
168 3.7672555553169524
169 3.76725555545577
170 3.7672555554557743
171 3.767255555455916
172 3.767255555456028
173 3.7672555554596534
174 3.7672555554596534
175 3.767255555459814
176 3.767255555459816
177 3.767255555459816
178 3.767255555459945
179 3.7672555554619
180 3.7672555554619
181 3.767255555462034
182 3.7672555554620493
183 3.7672555554620493
184 3.767255555462054
185 3.7672555554620555
186 3.767255555508405
187 3.767255555508885
188 3.767255555508889
189 3.767255555508893
190 3.767255555508893
191 3.7672555555088945
192 3.7672555555432825
193 3.7672555555432825
194 3.7672555555432825
195 3.7672555555435068
196 3.7672555555435068
197 3.767255555549255
198 3.767255555549255
199 3.767255555549255
200 3.7672555555492693
201 3.7672555555492693
202 3.7672555555492693
203 3.767255555553689
204 3.7672555555537204
205 3.7672555555537204
206 3.7672555555537355
207 3.7672555555537355
208 3.76725555555377
209 3.7672555555550247
210 3.7672555555550264
211 3.767255555555052
212 3.767255555555052
213 3.767255555555052
214 3.767255555555057
215 3.767255555555057
216 3.7672555555550797
217 3.7672555555552996
218 3.7672555555555127
219 3.7672555555555127
220 3.7672555555555127
221 3.7672555555555127
222 3.767255555555514
223 3.7672555555555345
224 3.7672555555555345
225 3.7672555555555345
226 3.7672555555555345
227 3.7672555555555345
228 3.7672555555555443
229 3.7672555555555522
230 3.7672555555555522
231 3.7672555555555527
232 3.7672555555555527
233 3.7672555555555527
234 3.7672555555555527
235 3.7672555555555527
236 3.7672555555555536
237 3.7672555555555545
238 3.7672555555555545
239 3.7672555555555545
240 3.7672555555555545
241 3.7672555555555545
242 3.7672555555555545
243 3.7672555555555545
244 3.7672555555555545
245 3.7672555555555545
246 3.7672555555555545
247 3.7672555555555545
248 3.7672555555555545
249 3.7672555555555545
250 3.7672555555555545
251 3.7672555555555545
252 3.7672555555555545
253 3.7672555555555545
254 3.7672555555555545
255 3.7672555555555545
256 3.7672555555555545
257 3.7672555555555545
258 3.7672555555555545
259 3.7672555555555545
260 3.7672555555555545
261 3.7672555555555545
262 3.7672555555555545
263 3.7672555555555545
264 3.7672555555555545
265 3.7672555555555545
266 3.7672555555555545
267 3.7672555555555545
268 3.7672555555555545
269 3.7672555555555545
270 3.7672555555555545
271 3.7672555555555545
272 3.7672555555555545
273 3.7672555555555545
274 3.7672555555555545
275 3.7672555555555545
276 3.7672555555555545
277 3.7672555555555545
278 3.7672555555555545
279 3.7672555555555545
280 3.7672555555555545
281 3.7672555555555545
282 3.7672555555555545
283 3.7672555555555545
284 3.7672555555555545
285 3.7672555555555545
286 3.7672555555555545
287 3.7672555555555545
288 3.7672555555555545
289 3.7672555555555545
290 3.7672555555555545
291 3.7672555555555545
292 3.7672555555555545
293 3.7672555555555545
294 3.7672555555555545
295 3.7672555555555545
296 3.7672555555555545
297 3.7672555555555545
298 3.7672555555555545
299 3.7672555555555545
