0 -0.010135135135135136
1 -0.2714216250348643
2 -0.2808135169267561
3 -0.2780432466564859
4 -0.2753337871970264
5 -0.2891918953051345
6 -0.567139721809546
7 -0.5748079650527892
8 -0.6000336245386676
9 -0.6348526832497879
10 -0.6609884954119499
11 -0.7537846416089791
12 -0.747703560527898
13 -0.8818135994882723
14 -0.8944763215288128
15 -0.9130187450197903
16 -0.9272280382307894
17 -0.9344717612037623
18 -0.9740584282480103
19 -1.0853807753112552
20 -1.1208961109869309
21 -1.1352044917032296
22 -1.1392462006964728
23 -1.1895040761491529
24 -1.3101952804730976
25 -1.3057621723649895
26 -1.378242176873402
27 -1.4135867496992105
28 -1.4054440804758621
29 -1.4122786698623937
30 -1.4278738744522161
31 -1.4353083618439846
32 -1.432975902305052
33 -1.4361493933404328
34 -1.451716945019301
35 -1.4641762299072139
36 -1.4848676210120797
37 -1.5085073736616628
38 -1.4941335834656198
39 -1.6886743478881177
40 -1.7026509571904291
41 -1.7160425661417797
42 -1.7023049041046134
43 -1.7108915333657053
44 -1.7027276100333955
45 -1.6831048467878633
46 -1.67096026105497
47 -1.754052735375289
48 -1.7652234678937717
49 -1.7798457399656713
50 -1.804934971359271
51 -1.8557152381748288
52 -1.8941031882034445
53 -1.9370644640945776
54 -1.9485852096820793
55 -1.9383640795985633
56 -1.9295518297691239
57 -1.9201479337263456
58 -1.91823962604742
59 -1.924064358938491
60 -1.9346933856243456
61 -1.934564348835299
62 -1.9594533744897773
63 -1.970534366510939
64 -1.9822837317495463
65 -2.002852849278669
66 -2.084162942999285
67 -2.0791862940342147
68 -2.0821398583196222
69 -2.0799682385873037
70 -2.142731564253548
71 -2.1413432267531474
72 -2.153148783414624
73 -2.173859204434175
74 -2.232699588619877
75 -2.221800174725853
76 -2.274017696110443
77 -2.264565125228369
78 -2.2782097648529134
79 -2.287978147670354
80 -2.279748792181027
81 -2.2833396097485945
82 -2.3032408387801144
83 -2.3164669547433805
84 -2.3248854570284925
85 -2.2708556524788874
86 -2.279061641302847
87 -2.2826878737443503
88 -2.269991202842602
89 -2.2699364775524855
90 -2.2610083122657647
91 -2.2781109854994255
92 -2.2888217311352075
93 -2.286262321663999
94 -2.2862586078040468
95 -2.28566548864238
96 -2.3265748354084606
97 -2.320797817961431
98 -2.32210546906002
99 -2.3207143127620826
100 -2.349999043010434
101 -2.374217319351171
102 -2.3910995272411295
103 -2.4218784956968347
104 -2.4258454663567823
105 -2.517254965608117
106 -2.5149260584340722
107 -2.511568011319774
108 -2.4947294373873423
109 -2.496719502382385
110 -2.4770916358966306
111 -2.4765071934299687
112 -2.483092169144424
113 -2.4675447826083414
114 -2.4711002432055182
115 -2.485155475186572
116 -2.49724668657873
117 -2.49147698109432
118 -2.490971373487585
119 -2.4880485247367643
120 -2.4774101645088895
121 -2.479456134995793
122 -2.5220493345178583
123 -2.49534018897184
124 -2.5101109524562735
125 -2.515497336007018
126 -2.5052112728288405
127 -2.507548192842123
128 -2.5141156959567885
129 -2.5203430538167453
130 -2.509200362673139
131 -2.5168147334110236
132 -2.4966362509071978
133 -2.5063932047526065
134 -2.509318209418962
135 -2.5292456897541045
136 -2.5183021764069076
137 -2.5152476035316753
138 -2.5169068314964216
139 -2.5181588721645647
140 -2.514311415599203
141 -2.5070813374757823
142 -2.509120831736253
143 -2.5133310843156997
144 -2.5097549082978587
145 -2.5123228061403227
146 -2.5074702183673248
147 -2.4985948002332665
148 -2.518264790995719
149 -2.499520851323431
150 -2.5095896657131096
151 -2.5023741841093923
152 -2.4933097105270927
153 -2.480928385911143
154 -2.491577571775232
155 -2.4801245234409786
156 -2.4788335072920753
157 -2.4848447897297476
158 -2.4870311715975917
159 -2.480334749441011
160 -2.473296621964825
161 -2.4696770557399104
162 -2.43035034857152
163 -2.406426099304423
164 -2.406563096328683
165 -2.39079146899386
166 -2.408724782094887
167 -2.3904111049794508
168 -2.3946738478041647
169 -2.3955371091329987
170 -2.401311216353243
171 -2.4108612502305595
172 -2.414455249703105
173 -2.416844958557396
174 -2.41949388254404
175 -2.4299596277029467
176 -2.4368630732191665
177 -2.431693915894429
178 -2.424820162853774
179 -2.4299809451679715
180 -2.408209355769933
181 -2.4185960750538613
182 -2.415264264921386
183 -2.3938451897392787
184 -2.395143185918488
185 -2.398502481619518
186 -2.380241780062933
187 -2.3811886063725387
188 -2.3701307209235574
189 -2.3724217741593328
190 -2.4096357131423383
191 -2.3954429619023587
192 -2.382987722237036
193 -2.388568631239785
194 -2.378499381154284
195 -2.3800845029604627
196 -2.3647725562413657
197 -2.36210057462188
198 -2.33915936608097
199 -2.329944105872963
200 -2.333741497712163
201 -2.3131046873029106
202 -2.3226988882417423
203 -2.3158175610119223
204 -2.316416408182169
205 -2.319814902650297
206 -2.3292866190613903
207 -2.319898423537902
208 -2.318477676789526
209 -2.32348539363809
210 -2.2971455084628523
211 -2.299428963527419
212 -2.27145400578989
213 -2.2739207360134612
214 -2.2677058015826486
215 -2.2502840595889593
216 -2.221092770900513
217 -2.2149795776562504
218 -2.212742788564173
219 -2.203413394664641
220 -2.178211451058357
221 -2.173327905340578
222 -2.181808183014443
223 -2.1584124125992017
224 -2.1326393156340835
225 -2.1317393692710325
226 -2.1351054864803207
227 -2.134896681383141
228 -2.1236249719262914
229 -2.102276998174616
230 -2.0892346487099758
231 -2.071509065178818
232 -2.0649152833663913
233 -2.0075932684355973
234 -2.0021734275425604
235 -2.0018960536151207
236 -1.9909536769772889
237 -1.9830820091305932
238 -1.933401195603833
239 -1.9337940992322322
240 -1.9350277573350039
241 -1.9250787697850091
242 -1.9254323830505684
243 -1.925442218039372
244 -1.928082115180879
245 -1.90603433009802
246 -1.8894243271732527
247 -1.8744048077634177
248 -1.8846629595117361
249 -1.8824987050891642
250 -1.8850467109279083
251 -1.892976235048681
252 -1.8895404154552884
253 -1.8889504230900998
254 -1.8903576909491433
255 -1.8911899957739233
256 -1.8967405144917246
257 -1.886721495876134
258 -1.8782034936077496
259 -1.870482316478827
260 -1.8655772269568223
261 -1.8251540856400073
262 -1.8163847175591787
263 -1.8275705947796304
264 -1.8266912186832336
265 -1.813999039628327
266 -1.7994399572100763
267 -1.79967196287361
268 -1.791903076980155
269 -1.784884710808441
270 -1.785652148247027
271 -1.786512052674305
272 -1.7864221689266886
273 -1.7877563761886883
274 -1.7852382194828393
275 -1.7598198866609025
276 -1.7370389282740626
277 -1.7229467303344213
278 -1.714529130257781
279 -1.7113900293964275
280 -1.7087005827667945
281 -1.714568353851824
282 -1.7087658626717634
283 -1.692378817049657
284 -1.6795608834755564
285 -1.6797300156042723
286 -1.6840934936214218
287 -1.6827388199188735
288 -1.6765540842920579
289 -1.665595996398953
290 -1.6576635489997578
291 -1.657102793133937
292 -1.6585470117254482
293 -1.6669679699832671
294 -1.5919470279595518
295 -1.5905344079712993
296 -1.5890640145693375
297 -1.5890671008930368
298 -1.5816813596118942
299 -1.570682496908065
300 -1.5768775033739637
301 -1.5743248502261102
302 -1.5722407844903503
303 -1.567928484389676
304 -1.5565757716476112
305 -1.5570385014491905
306 -1.5595914275804852
307 -1.5498622057149185
308 -1.5560392030020294
309 -1.5317992342756033
310 -1.5337904105193223
311 -1.533791282188294
312 -1.516949970066683
313 -1.4800515046743354
314 -1.4598854781926527
315 -1.46335622269611
316 -1.454018648239549
317 -1.4519208739401726
318 -1.4531859633931357
319 -1.4515306918081263
320 -1.4515311550487564
321 -1.452485864936119
322 -1.4559723439979562
323 -1.4367139471664996
324 -1.4412061360904735
325 -1.4405979425243645
326 -1.425936361010574
327 -1.429770104041837
328 -1.4210581090222156
329 -1.4202638383434043
330 -1.4157255839104856
331 -1.4141770431771774
332 -1.4069676522624879
333 -1.4067442931619831
334 -1.4052012230305917
335 -1.4000808796014934
336 -1.4001617749743487
337 -1.3972474721476935
338 -1.3880872851283474
339 -1.3892724187697882
340 -1.3701299993480547
341 -1.377260083982589
342 -1.3705734961198834
343 -1.3592404205611035
344 -1.3535610698956926
345 -1.3540840458677612
346 -1.345394075995235
347 -1.346936233969971
348 -1.345069815218784
349 -1.33986717256913
350 -1.3404559399017038
351 -1.3408976684264196
352 -1.334199545727139
353 -1.3329736130066105
354 -1.329864713246818
355 -1.3246246935840047
356 -1.3240322377068297
357 -1.3207423387791961
358 -1.3026043651243973
359 -1.3037473210928001
360 -1.3030386470456818
361 -1.3039940126341152
362 -1.3056346304056095
363 -1.303097297909418
364 -1.2968023587192143
365 -1.2788097926574846
366 -1.2674168535267873
367 -1.260900239716242
368 -1.2622431368864129
369 -1.2638393584955985
370 -1.2620728095798315
371 -1.2598755759845164
372 -1.2594541555253307
373 -1.2505337891382222
374 -1.247829572616386
375 -1.2466981421102827
376 -1.2445353313345957
377 -1.2381325042112608
378 -1.2329680544959243
379 -1.2348882926898395
380 -1.232164613818521
381 -1.2337130693891536
382 -1.227935317936976
383 -1.2275417619971087
384 -1.2277737676606417
385 -1.2169091152536495
386 -1.2174377326274919
387 -1.2102588256683684
388 -1.2106569263248874
389 -1.2107100017790173
390 -1.2075965993738174
391 -1.2073706318535582
392 -1.2022153861412095
393 -1.202200396065301
394 -1.1859869126168987
395 -1.1869094550241308
396 -1.1835591212432397
397 -1.1813423572651338
398 -1.1818834036822083
399 -1.1596562797971988
400 -1.157123734430109
401 -1.1581919566645715
402 -1.153084806721739
403 -1.143849543854233
404 -1.140536726171308
405 -1.1330563452906735
406 -1.1314963059181895
407 -1.127975314346903
408 -1.1275982591895974
409 -1.1275516177056493
410 -1.122198208747743
411 -1.1218387690763463
412 -1.1193051993465633
413 -1.1194731108652805
414 -1.1217703121908276
415 -1.121770616123005
416 -1.1207542014123086
417 -1.1164381107988302
418 -1.1186317864384094
419 -1.1174343089812702
420 -1.0955441267894974
421 -1.0948868824032936
422 -1.0923378286101768
423 -1.0925964297002642
424 -1.0920604445056439
425 -1.0884294737209368
426 -1.0930814528793829
427 -1.0926357217104752
428 -1.0920695471588808
429 -1.0949770830744265
430 -1.0949723790297703
431 -1.0936078533603462
432 -1.091372668688759
433 -1.0876538049151236
434 -1.087476921362624
435 -1.0873488586015085
436 -1.0874858556257683
437 -1.088782325243637
438 -1.088023466848577
439 -1.0879945147288814
440 -1.0820140336884807
441 -1.0502868859494012
442 -1.0493702365355035
443 -1.0420470596950147
444 -1.0431146645146812
445 -1.0376669134024759
446 -1.0374575709888336
447 -1.0374575853044303
448 -1.0321433090561123
449 -1.028970054252845
450 -1.0290130453706905
451 -1.0163781766467261
452 -1.0165111472130803
453 -1.0123456243913103
454 -1.008257590521812
455 -1.0077782008220617
456 -1.0007256265821807
457 -0.9975784480741562
458 -0.9910747189550053
459 -0.9900874040521981
460 -0.9843175371082656
461 -0.9766925042714479
462 -0.9765804584693348
463 -0.9765618681794951
464 -0.9801181548089712
465 -0.9799688952210835
466 -0.9815128016484265
467 -0.9793403349474825
468 -0.978696954856096
469 -0.9681261810613204
470 -0.9669329214128634
471 -0.9664539500865399
472 -0.9612743126844268
473 -0.9586580955395958
474 -0.9560578258497049
475 -0.9513769806958248
476 -0.95137698830372
477 -0.9494430841535223
478 -0.9478758848779534
479 -0.9489397923455867
480 -0.9396641018332745
481 -0.9389344392380206
482 -0.9385523424185307
483 -0.9387648657254594
484 -0.9378938767977879
485 -0.9351392457837717
486 -0.9124228670987191
487 -0.9119529620227093
488 -0.9047823445594737
489 -0.900115643365594
490 -0.9006586947344436
491 -0.900652161752596
492 -0.8952099616569755
493 -0.8949654801827885
494 -0.8960525665572024
495 -0.8974301037248967
496 -0.8971532077483344
497 -0.8835023883551195
498 -0.8832264953590356
499 -0.8832265460463571
500 -0.8827632490859798
501 -0.8764282862091521
502 -0.8693635278906169
503 -0.8693422547557398
504 -0.8689687246188164
505 -0.8687247377426136
506 -0.8686258744416333
507 -0.8681959797971304
508 -0.8628752009393611
509 -0.8611672585110977
510 -0.8589329047806773
511 -0.8588397057582398
512 -0.8585939458455208
513 -0.8574684852478404
514 -0.8572260605774797
515 -0.8571899190543579
516 -0.8557184619298688
517 -0.8553824103191181
518 -0.8553431769494583
519 -0.8557189143988125
520 -0.8563808042271116
521 -0.8555393639015213
522 -0.8555178995458705
523 -0.8415209202043382
524 -0.8415090522982064
525 -0.8385973580915368
526 -0.838597359831979
527 -0.8374961192191349
528 -0.8366056615809094
529 -0.8365544055132013
530 -0.8345234479433882
531 -0.8179856516340024
532 -0.8175343154444589
533 -0.8131864891814798
534 -0.8125961408070314
535 -0.8112747559046717
536 -0.8122215420967871
537 -0.8101850886872927
538 -0.8090935141884212
539 -0.8081598682581299
540 -0.8075404197823315
541 -0.807974672304199
542 -0.807807428786013
543 -0.80761352858555
544 -0.807947477175729
545 -0.8078551524259854
546 -0.8070109842006613
547 -0.8088422136611955
548 -0.8070473252678172
549 -0.8068202740936656
550 -0.807125552755397
551 -0.806689772597112
552 -0.8064789082760127
553 -0.8052920158956444
554 -0.8049643986951762
555 -0.8060957272530044
556 -0.8060633240657655
557 -0.8074790834230399
558 -0.807404501274068
559 -0.810772227880454
560 -0.8097260470229367
561 -0.8103628889519097
562 -0.8082398880169045
563 -0.8075354750119912
564 -0.8047343515261998
565 -0.8058363975542417
566 -0.8057565146293313
567 -0.8060959623411394
568 -0.7938784310942669
569 -0.7931276596278488
570 -0.7931276755340673
571 -0.7926034783577341
572 -0.792586346985971
573 -0.7892692985496886
574 -0.7892946843748653
575 -0.7886974828467319
576 -0.7885262115350563
577 -0.7820793501121269
578 -0.7819820883852778
579 -0.7819817844531003
580 -0.7819669144151478
581 -0.7815447886288073
582 -0.7813606719736544
583 -0.7812343669125758
584 -0.7806272071625373
585 -0.7804938710288464
586 -0.7805155245877557
587 -0.7798784673118928
588 -0.7750268647621587
589 -0.7747302115593818
590 -0.7748398713201154
591 -0.7750395556481596
592 -0.7715097429908027
593 -0.7715094694518431
594 -0.7714716758894163
595 -0.7678554924916053
596 -0.7681007146439992
597 -0.7680134380112318
598 -0.7642498306356539
599 -0.7586272525124187
600 -0.7584836312187846
601 -0.7584436919794616
602 -0.7584372955335634
603 -0.7590109295969025
604 -0.758986888656174
605 -0.7569945003990457
606 -0.7569362818813964
607 -0.7569351663746755
608 -0.7565984042045083
609 -0.7518494774161358
610 -0.7523131985208906
611 -0.7521946289735474
612 -0.7521364435373752
613 -0.7509145558097501
614 -0.7508764017409473
615 -0.7505355086935271
616 -0.7501903786886471
617 -0.7497975390646278
618 -0.7498446264891825
619 -0.749541881600935
620 -0.749187429583594
621 -0.7491457566426682
622 -0.7487666099959114
623 -0.7474456239818886
624 -0.7471568982789317
625 -0.7470905454668516
626 -0.7469024371281773
627 -0.7469595267442873
628 -0.746556103320689
629 -0.7457602478425969
630 -0.744964916564625
631 -0.7451765554198386
632 -0.7451512903404256
633 -0.7433719000094221
634 -0.7433406265398915
635 -0.7417253998707176
636 -0.7418142978416785
637 -0.7415507377015981
638 -0.7410469586478197
639 -0.7404939203191059
640 -0.7405493150255389
641 -0.7403165111146752
642 -0.7369540673464726
643 -0.7366991785244427
644 -0.736672208888087
645 -0.7366620375253892
646 -0.7362669125043734
647 -0.73625618286912
648 -0.7362366307429026
649 -0.7362278952514376
650 -0.7362277775018848
651 -0.7361886286342971
652 -0.7361867862720946
653 -0.7360412309465272
654 -0.7360322380685222
655 -0.7343164523249289
656 -0.7341774688675311
657 -0.7341771443889256
658 -0.7341635691081255
659 -0.7339509351522593
660 -0.7338903068917217
661 -0.7340459125296651
662 -0.7341679643073972
663 -0.7341427549935476
664 -0.734025100475224
665 -0.7339989294267526
666 -0.7322128551619731
667 -0.7322507142174441
668 -0.7315956188608279
669 -0.7315888192617004
670 -0.731440360320657
671 -0.7314192472598042
672 -0.7302477335761001
673 -0.7301714409592712
674 -0.726905177922018
675 -0.7268149554598681
676 -0.7268842474183663
677 -0.726905149750488
678 -0.7268896906842063
679 -0.726605741770322
680 -0.7265901349250233
681 -0.72648088893769
682 -0.7250035333932272
683 -0.7249644298025978
684 -0.7249997616313498
685 -0.7230841674432392
686 -0.723076109646197
687 -0.7229443531817439
688 -0.7225493830188057
689 -0.7225100792559502
690 -0.7224547288592508
691 -0.7224048935502025
692 -0.7223745739996917
693 -0.722353174169515
694 -0.7197083487572837
695 -0.7175640608288371
696 -0.7175399396316946
697 -0.7173879106815567
698 -0.7171365178248834
699 -0.7171081112708425
700 -0.7171093069758793
701 -0.7151185360841597
702 -0.7151044588900611
703 -0.7150556453835211
704 -0.7150211696104785
705 -0.7150206389076652
706 -0.715008251759621
707 -0.7150023579921363
708 -0.7149630983198376
709 -0.7148916552860306
710 -0.714891655777583
711 -0.714711383762408
712 -0.7146961545356334
713 -0.7146625197551689
714 -0.714409613130366
715 -0.7143605514548955
716 -0.7143349184749608
717 -0.7143188702092047
718 -0.7142592834221853
719 -0.7125933884713043
720 -0.712571237494517
721 -0.7125619956617214
722 -0.7121221953670207
723 -0.7119132933332605
724 -0.7118919942708887
725 -0.7118065551934162
726 -0.7117092765848013
727 -0.7111546825860595
728 -0.7101167213357243
729 -0.7089643858956169
730 -0.7087288972292566
731 -0.7086917977338896
732 -0.7086987922053276
733 -0.7086977810565451
734 -0.7086875136462522
735 -0.7086785977533114
736 -0.7086785977561263
737 -0.7076864569627029
738 -0.7076653743867268
739 -0.7076435032004688
740 -0.7076323071327991
741 -0.7075206095308351
742 -0.7075037756004484
743 -0.7074725607107979
744 -0.7074455465035456
745 -0.7074234310519117
746 -0.7074234310535739
747 -0.7074118884945002
748 -0.7074042965686932
749 -0.707385796369553
750 -0.7073856949909947
751 -0.7061900436155212
752 -0.7061677694944136
753 -0.7044918698687209
754 -0.7044872391306347
755 -0.7044775994381981
756 -0.7044687244173063
757 -0.7044571764658856
758 -0.7044526776793384
759 -0.7036922039032731
760 -0.7027657440066248
761 -0.7027253368983253
762 -0.7027149472936934
763 -0.7023252838278591
764 -0.7023237845368029
765 -0.702307052970604
766 -0.7023024289324985
767 -0.702285671958023
768 -0.7022674233544954
769 -0.7022576576745099
770 -0.7022480393624624
771 -0.7013564594146374
772 -0.701347824844926
773 -0.7013275593478453
774 -0.7013232053980959
775 -0.7005662910294337
776 -0.7005625974835064
777 -0.7005423392394688
778 -0.7005418113100865
779 -0.7005365781789462
780 -0.7005200135886397
781 -0.7004993895414507
782 -0.7004886573897711
783 -0.6990883315042745
784 -0.6983105849145035
785 -0.6982951838181076
786 -0.6982807713182985
787 -0.6982384981372005
788 -0.6982259265838249
789 -0.6982258658898788
790 -0.6982233014834702
791 -0.698178368789207
792 -0.6968936302542706
793 -0.6968662662789039
794 -0.6968635509401566
795 -0.695413040699101
796 -0.695408431717858
797 -0.6954074186691092
798 -0.6954060703235182
799 -0.6954046818124069
800 -0.6951050663365331
801 -0.695097829226727
802 -0.6950606164763904
803 -0.6947439035946505
804 -0.6945962200616485
805 -0.6945535177572978
806 -0.6945352038354603
807 -0.6945333598065764
808 -0.694521286690036
809 -0.6945187029881674
810 -0.6945135057706094
811 -0.694498150922177
812 -0.6944935898510065
813 -0.6944903249887191
814 -0.694483522267471
815 -0.6943092566401876
816 -0.6940371934550192
817 -0.694023083878552
818 -0.6939967597999172
819 -0.6939961170407816
820 -0.6939890496131544
821 -0.6939878790999289
822 -0.6939673184913457
823 -0.6925626877187409
824 -0.6925531229905715
825 -0.6923731850199228
826 -0.6916753822836879
827 -0.6916675486771244
828 -0.691662886564578
829 -0.6916532301610137
830 -0.691310556091131
831 -0.6913033008513213
832 -0.6912952781911929
833 -0.6912931886545746
834 -0.6909721477302551
835 -0.6909597815410851
836 -0.6902235148108337
837 -0.6902162528138905
838 -0.689969975531428
839 -0.6899674796245087
840 -0.6899669095945313
841 -0.6899662861548844
842 -0.689941195643252
843 -0.6897957409388167
844 -0.6897883340067494
845 -0.689717024774556
846 -0.6897148882319523
847 -0.6894380538502745
848 -0.689437360176629
849 -0.6890347019933489
850 -0.6890333157963152
851 -0.6890316317282614
852 -0.6888673372028233
853 -0.6886816742303797
854 -0.6886809605571574
855 -0.6883222181424529
856 -0.688290282513246
857 -0.6882870632106864
858 -0.6882858627777253
859 -0.6878499796786489
860 -0.687847848760144
861 -0.6878406844592067
862 -0.6878358585989204
863 -0.6878266259763653
864 -0.6875426725301329
865 -0.6875062497157834
866 -0.6875034977158204
867 -0.687131492844901
868 -0.6871129173140729
869 -0.6871049459244816
870 -0.6871049459247895
871 -0.6870965238310436
872 -0.68709029006185
873 -0.6870888964636588
874 -0.6863772977472775
875 -0.6860917844463122
876 -0.6860740534364133
877 -0.685954874615619
878 -0.6859542583373657
879 -0.685953781193824
880 -0.685951149463869
881 -0.6852891975284446
882 -0.6852859258987675
883 -0.6852846107088794
884 -0.6852811244478573
885 -0.6852734380973352
886 -0.6852732880286911
887 -0.6852719565414961
888 -0.6852699128595675
889 -0.6852643272633876
890 -0.6852638505626328
891 -0.6852609325847407
892 -0.6849172931917352
893 -0.684896527458434
894 -0.684891286124854
895 -0.684885817056291
896 -0.6848840793729658
897 -0.6848704436572205
898 -0.6848691732973494
899 -0.6848669768361347
900 -0.6848562735790146
901 -0.6848558908084048
902 -0.6846849610879976
903 -0.6844176682373462
904 -0.684417157130809
905 -0.6844141711227016
906 -0.6844083149462568
907 -0.6844062479829066
908 -0.6843011025987092
909 -0.6843013241652665
910 -0.6842987823212937
911 -0.6842967653174231
912 -0.6842120636922202
913 -0.6840295277313905
914 -0.6840267956943353
915 -0.684026708162389
916 -0.6840266531881514
917 -0.6840206519230008
918 -0.6840130801143598
919 -0.6840105793729999
920 -0.6840103405651071
921 -0.6840082061440182
922 -0.6837722103970538
923 -0.6837203297330503
924 -0.6837160027479804
925 -0.6837139258517035
926 -0.6835721414465203
927 -0.6835513391313337
928 -0.6835497302762488
929 -0.6835308531114559
930 -0.6835292914138436
931 -0.6835250909147513
932 -0.6835216236173379
933 -0.6833777563847714
934 -0.6833765701287003
935 -0.6832712781689892
936 -0.683267242654577
937 -0.6832655729466524
938 -0.683260155526644
939 -0.6831977802834169
940 -0.683196217181066
941 -0.6830690264614934
942 -0.6830643429153829
943 -0.683063301938736
944 -0.6830602440672365
945 -0.6830584016482046
946 -0.6830553835144582
947 -0.683052992510456
948 -0.6830291715124774
949 -0.6830290070935674
950 -0.6830280771472317
951 -0.6830264011365288
952 -0.6830086727199629
953 -0.6829885276105512
954 -0.6829885148900848
955 -0.6829867785894421
956 -0.6829855226317255
957 -0.6829848995403485
958 -0.6829837151491964
959 -0.6829824907028936
960 -0.6829818815642842
961 -0.6829816327821934
962 -0.6829642814634318
963 -0.6829634570665171
964 -0.6829595447523581
965 -0.6829585449671646
966 -0.6829566026382285
967 -0.6829545341980918
968 -0.682952931612905
969 -0.6829497398089786
970 -0.682948040535382
971 -0.6829466577785562
972 -0.6828810579312812
973 -0.6828799492691057
974 -0.6828128481460812
975 -0.6828117438172516
976 -0.6828117131922238
977 -0.6828117131925009
978 -0.6827694035026999
979 -0.6827685636656738
980 -0.6827677018829416
981 -0.6827666058819749
982 -0.6827524951310554
983 -0.6827510535618146
984 -0.6826268546628221
985 -0.6825678276271847
986 -0.6825660870502566
987 -0.6825641222893697
988 -0.6825230648533682
989 -0.6825214531887718
990 -0.6825210031903809
991 -0.6824828461914458
992 -0.6824826008226482
993 -0.6824822164311591
994 -0.6824804492722709
995 -0.6824800409076064
996 -0.6824793158735781
997 -0.6824790981149768
998 -0.6824790098421208
999 -0.6824790098421245
