0 -0.44875183333333335
1 -0.4772538750000001
2 -0.7598359585916667
3 -0.842259329263575
4 -0.9162676375969081
5 -0.8754343042635749
6 -1.0322559097349426
7 -0.9587663529640381
8 -0.7911400796307047
9 -0.7813359962973713
10 -0.6021874786307045
11 -0.5724873658807046
12 -0.5881110324668962
13 -0.4337689546944213
14 -0.3550024739869466
15 -0.34480799287611164
16 -0.29199864164197986
17 -0.24047070453447172
18 -0.23966329611441328
19 -0.2276777081495926
20 0.138677049808079
21 0.5833144233818776
22 0.7627297305211576
23 0.9331427955294909
24 1.23606820788063
25 1.3987917182327425
26 1.5514914003322586
27 1.8169032561045941
28 1.8555370350129783
29 1.8662608883466565
30 1.972653095761659
31 2.040078242356211
32 2.2899650834270604
33 2.4968353768436606
34 2.8103273235928814
35 2.827039135182396
36 2.91033312897269
37 2.9172608658775134
38 3.107730603690655
39 3.1623292202645645
40 3.20235777335391
41 3.221855948948777
42 3.269960510220775
43 3.2715817886492324
44 3.304710090211974
45 3.4146772624231665
46 3.413233198223788
47 3.4669019028829213
48 3.4707765162596944
49 3.53333747476045
50 3.5403588557076824
51 3.550762252101263
52 3.5520412745661187
53 3.555221847293813
54 3.5689046362333303
55 3.5689055565897254
56 3.568754042124849
57 3.569584138778471
58 3.6218138520975245
59 3.6242787548400037
60 3.65552981418489
61 3.6574116984724605
62 3.662397112999249
63 3.6630599414102125
64 3.662494755516171
65 3.670217505516345
66 3.6712458632849834
67 3.698299412633567
68 3.701097634254965
69 3.709084289039154
70 3.717841208718927
71 3.7216750407223653
72 3.72617020618039
73 3.730368306430706
74 3.7374131878459576
75 3.73747669473546
76 3.737081064609631
77 3.737243397367741
78 3.744175512421185
79 3.744504545122336
80 3.745100028279768
81 3.74555871375373
82 3.756065909669532
83 3.757043878001247
84 3.7571365887138026
85 3.7570008875806433
86 3.757037129933563
87 3.759555917222156
88 3.759489423666908
89 3.7608668962856737
90 3.7608674821331016
91 3.7610677020087646
92 3.761555924404881
93 3.7623560590497425
94 3.762445298976367
95 3.7627224465475404
96 3.7627359486193663
97 3.7627472157144948
98 3.7639682299289956
99 3.7641052618540507
