0 -0.45353502428209447
1 -0.7725602416992188
2 -0.8676974883208407
3 -0.9399868411502321
4 -1.0126219762853672
5 -1.1109081788552777
6 -1.0771243950714937
7 -1.1210433139904128
8 -1.2926717856680379
9 -1.1188228536801723
10 -1.4123650995322417
11 -1.2798367823247008
12 -1.347126305217421
13 -1.367396575487691
14 -1.3932980689354841
15 -1.3163515224703257
16 -1.4081576068853996
17 -1.4654558493164824
18 -1.4840369303975633
19 -1.497550443911077
20 -1.2514362510587147
21 -1.2556592240316877
22 -1.3397191981646615
23 -1.3458865986711708
24 -1.5285593498135985
25 -1.8858331906918857
26 -1.9657439293789858
27 -1.973914362322319
28 -1.9728586190790758
29 -1.979276083544004
30 -1.9813875700304904
31 -2.068760880841301
32 -2.155119622395355
33 -2.3080087675402554
34 -2.412340000690943
35 -2.425245363739992
36 -2.4421372556318843
37 -2.407847835460769
38 -2.435559334589452
39 -2.3946625058240936
40 -2.419377183798316
41 -2.4418852456186406
42 -2.469379537011234
43 -2.4589569386132704
44 -2.4785055524193633
45 -2.4646343726331685
46 -2.345255445675165
47 -2.212545485768665
48 -2.222632996985937
49 -2.219384832087171
50 -2.192030039577676
51 -2.179690732050392
52 -2.1243284183964364
53 -2.121139171471289
54 -2.111397479331514
55 -2.0373436141199237
56 -2.05350824520636
57 -1.9967495529753108
58 -1.9716648792755016
59 -1.9549268330283809
60 -1.9517004911631375
61 -1.9463568825588111
62 -1.8735957441143483
63 -1.8534988895716715
64 -1.7875185059911334
65 -1.6668724062866618
66 -1.669130503789499
67 -1.6589951919870025
68 -1.6479721136919776
69 -1.6943528631231715
70 -1.6382760953218707
71 -1.6573459295889248
72 -1.613337811827306
73 -1.5903330111018392
74 -1.36426289811274
75 -1.3642486214804184
76 -1.3642138768053234
77 -1.2256609395493403
78 -1.2360540874647676
79 -1.198789662037199
80 -1.2032444800809812
81 -1.188012279788616
82 -1.1493098134840383
83 -1.0951510034424699
84 -1.011993798342734
85 -1.0077766373209407
86 -0.9910268881571842
87 -0.9873589095834908
88 -0.9162690011404375
89 -0.902325538288899
90 -0.9039706183455404
91 -0.9032514160649951
92 -0.903232714339306
93 -0.8475463380251274
94 -0.8472310215998897
95 -0.8418593305458727
96 -0.8469176860609201
97 -0.8274127270888374
98 -0.8318952468725662
99 -0.831834005516464
100 -0.831818057449998
101 -0.8258167643545778
102 -0.798641066976653
103 -0.8282109413808312
104 -0.8281410396309368
105 -0.7755946071276484
106 -0.7742194780899208
107 -0.7742194458711938
108 -0.7741200247995422
109 -0.7593229223008721
110 -0.757514258080494
111 -0.7302758575030096
112 -0.719305128092834
113 -0.671624669523264
114 -0.6454701708273319
115 -0.6381474880793009
116 -0.636552431811241
117 -0.6361798398952079
118 -0.6361771495568748
119 -0.6344133358115439
120 -0.6342310046675397
121 -0.633582031280639
122 -0.6566075584887477
123 -0.6530789635730662
124 -0.6311864187333788
125 -0.6281336643003378
126 -0.6266514368350308
127 -0.6314404577885281
128 -0.6278600742089585
129 -0.6633615833753544
130 -0.6503684432649595
131 -0.6745479076757633
132 -0.6816423731401662
133 -0.6840638007345183
134 -0.6836300147561628
135 -0.6836270906194226
136 -0.6836185023170398
137 -0.6829253726486254
138 -0.6822345267313533
139 -0.6930039871278946
140 -0.6930028737997451
141 -0.7038843146308242
142 -0.7038841612898739
143 -0.7034996743463292
144 -0.7031906843332659
145 -0.7037062617839029
146 -0.70370624105473
147 -0.703647218047206
148 -0.7028911487683634
149 -0.7025715029227523
150 -0.706718002234532
151 -0.7066234622405768
152 -0.7066226211059469
153 -0.7091118339688417
154 -0.7091680237674519
155 -0.7085321835561547
156 -0.708532181252587
157 -0.7082166880990196
158 -0.7059253460412251
159 -0.7058890266663586
160 -0.7089680893311947
161 -0.7089686048308252
162 -0.7096614558341092
163 -0.7096586876365368
164 -0.7071591933348428
165 -0.7071591932719156
166 -0.7090699281077459
167 -0.710526051628001
168 -0.7105219537248617
169 -0.7084714196022671
170 -0.7101725698438052
171 -0.7099846160372615
172 -0.7099091359179922
173 -0.7091718380688607
174 -0.7096302574227618
175 -0.709625566048788
176 -0.7096243785419388
177 -0.7096203054550918
178 -0.7096202837241731
179 -0.7096202114221001
180 -0.7096202114142341
181 -0.7092386171101038
182 -0.7069553384671469
183 -0.7069553190528854
184 -0.7069540036320244
185 -0.7069538881755874
186 -0.706659532356934
187 -0.6922253234557365
188 -0.6921543088345249
189 -0.6921880430555503
190 -0.692159323053205
191 -0.6921586278758411
192 -0.6921586067273248
193 -0.6919805297780902
194 -0.6919791325503578
195 -0.6919502421945765
196 -0.6919671671664028
197 -0.6919671334091512
198 -0.6862354556393061
199 -0.6860474379250808
200 -0.6860465236175486
201 -0.6860465205726721
202 -0.6852034534997913
203 -0.6851679092863723
204 -0.6851660957538384
205 -0.6851495960835347
206 -0.6851495543757499
207 -0.6851456314131007
208 -0.6851283740495039
209 -0.6850454891859822
210 -0.685020019349214
211 -0.6850158218130243
212 -0.6850148348996938
213 -0.685014834899448
214 -0.6850147707638552
215 -0.6835238657479711
216 -0.6834238033290699
217 -0.6833592972639355
218 -0.6833586110140768
219 -0.6827132988808557
220 -0.682702900929712
221 -0.6827028792022131
222 -0.6826933017088904
223 -0.68269321340097
224 -0.6826901730128082
225 -0.6826891354358057
226 -0.6813818051482479
227 -0.6813814813179345
228 -0.6813813281426003
229 -0.6813803516318481
230 -0.6813803480889975
231 -0.6813799309136028
232 -0.6813797118094487
233 -0.6813793250756994
234 -0.6813792111282628
235 -0.6813312220489827
236 -0.6813312051959406
237 -0.6813305955646587
238 -0.681330593074981
239 -0.6813305093865452
240 -0.6813303825387714
241 -0.6813303284222992
242 -0.68133032256483
243 -0.6813303005497275
244 -0.6813302430395122
245 -0.6813298753412564
246 -0.681329848106785
247 -0.6813298480848554
248 -0.6813298475610775
249 -0.6813297890402108
250 -0.6813297693554095
251 -0.6813297506631966
252 -0.6807544571513567
253 -0.6807543785392286
254 -0.6807543755392088
255 -0.6807533999344875
256 -0.680753394803468
257 -0.6807533274123687
258 -0.680753325284188
259 -0.6807533228961691
260 -0.6807533211249446
261 -0.6807533197797313
262 -0.6807532988419801
263 -0.6807472397020428
264 -0.6807472346670025
265 -0.6807472211105334
266 -0.6807472201840464
267 -0.6807472192363256
268 -0.6807436837430837
269 -0.6807434636798545
270 -0.6805878814781701
271 -0.6805878806496765
272 -0.6805878805145912
273 -0.6805878752618596
274 -0.6805849133808265
275 -0.6805848164847074
276 -0.6805848155654464
277 -0.680584814817897
278 -0.6805848142655058
279 -0.6805847965780026
280 -0.6805847964698231
281 -0.6805847960654827
282 -0.6805847924381039
283 -0.6805847919357622
284 -0.6805847918745538
285 -0.6805847828256794
286 -0.6805847826864345
287 -0.6805847817884644
288 -0.6805847632010893
289 -0.6805844001777002
290 -0.6804277169211572
291 -0.6804277031672938
292 -0.6804277031337386
293 -0.6804201143858019
294 -0.6804201143469844
295 -0.6804201101457894
296 -0.680420109958083
297 -0.6804201099261957
298 -0.6804200861550022
299 -0.6804123868562115
300 -0.6804123837765815
301 -0.6804117296802458
302 -0.6804117278766447
303 -0.6804117278629451
304 -0.6804117278432553
305 -0.6804117274454219
306 -0.6804117271548105
307 -0.6804117271548009
308 -0.680411727118992
309 -0.6804117271188707
310 -0.6804081992696173
311 -0.6804081991976393
312 -0.6804081991564846
313 -0.6804081985740222
314 -0.6804081982843188
315 -0.6804081962620147
316 -0.6804081962620092
317 -0.6804081962620047
318 -0.6804081962468803
319 -0.6804081961159015
320 -0.6804034485448697
321 -0.6804034485448666
322 -0.6804010151492349
323 -0.6804010151041755
324 -0.6804007823818083
325 -0.6804007823802212
326 -0.6804006631338466
327 -0.6804006609799342
328 -0.6804006599265111
329 -0.6804006599265108
330 -0.6804006599036905
331 -0.6804006598439707
332 -0.6804006363548842
333 -0.6804006363441554
334 -0.6804006363413896
335 -0.6804006362863053
336 -0.6804006362597104
337 -0.6804006362596084
338 -0.6804006351189988
339 -0.680400629238291
340 -0.6804006291943194
341 -0.6804006290242179
342 -0.6804006288622456
343 -0.6804006288622456
344 -0.6804006288581274
345 -0.6804006288478364
346 -0.6804006288478345
347 -0.68040062796737
348 -0.6804006278925836
349 -0.6804006278923425
350 -0.6804006276810816
351 -0.6804006276543663
352 -0.6804006276543663
353 -0.6804006276529839
354 -0.6804006276320724
355 -0.6804006276320694
356 -0.680400627468827
357 -0.680400627363104
358 -0.680400627363104
359 -0.6804006273497715
360 -0.6804006273482707
361 -0.6804006273451896
362 -0.680400622924228
363 -0.6804006229210682
364 -0.6804006229205786
365 -0.6804006229188773
366 -0.6804006229183099
367 -0.6804006229183099
368 -0.6804006021785287
369 -0.6804005982905471
370 -0.6804005982905471
371 -0.6804005982905406
372 -0.6804005982882106
373 -0.6804005972527442
374 -0.6804005972526149
375 -0.6804005972526159
376 -0.6804005972525639
377 -0.6804005972525631
378 -0.6804005961612616
379 -0.6804005961612616
380 -0.6804005961612616
381 -0.6804005961608276
382 -0.6804005961607354
383 -0.6804005961602536
384 -0.6804005961601413
385 -0.6804005961577104
386 -0.6804005961577104
387 -0.6804005961577104
388 -0.6804005961573452
389 -0.680400596157224
390 -0.680400596157224
391 -0.680400596157224
392 -0.6804005961562014
393 -0.680400596156352
394 -0.6804005961561657
395 -0.6804005961557478
396 -0.6804005960654951
397 -0.6804005960653527
398 -0.6804005960651484
399 -0.6804005960650458
400 -0.6804005960647458
401 -0.680400595876788
402 -0.680400595876788
403 -0.680400595876788
404 -0.6804005958767754
405 -0.6804005958767264
406 -0.680400595876427
407 -0.6804005958763141
408 -0.6804005958762515
409 -0.680400595876248
410 -0.6804005958762903
411 -0.6804005958762495
412 -0.6804005958689032
413 -0.6804005958626109
414 -0.6804005958625622
415 -0.6804005958625603
416 -0.6804005958625545
417 -0.6804005958625545
418 -0.6804005958625545
419 -0.680400595862553
420 -0.680400595862513
421 -0.6804005958624629
422 -0.6804005958624629
423 -0.6804005958624496
424 -0.6804005958624496
425 -0.6804005958624496
426 -0.6804005958624442
427 -0.680400595861688
428 -0.6804005957302234
429 -0.6804005957302226
430 -0.6804005957302226
431 -0.6804005957302226
432 -0.680400595692136
433 -0.6804005956921312
434 -0.6804005956920075
435 -0.6804005956920074
436 -0.680400595692015
437 -0.6804005956919882
438 -0.6804005956892762
439 -0.680400595689209
440 -0.6804005956892109
441 -0.6804005956892109
442 -0.680400595687178
443 -0.6804005956871723
444 -0.6804005956871723
445 -0.6804005956871673
446 -0.6804005956866586
447 -0.6804005956866586
448 -0.6804005956866586
449 -0.6804005956866586
450 -0.680400595686649
451 -0.680400595686649
452 -0.6804005956866498
453 -0.6804005956866488
454 -0.6804005956866488
455 -0.6804005956866488
456 -0.6804005956866471
457 -0.6804005956866396
458 -0.6804005956866196
459 -0.6804005956866196
460 -0.6804005956866193
461 -0.6804005956866193
462 -0.6804005956866193
463 -0.6804005956866181
464 -0.6804005956866174
465 -0.6804005956866174
466 -0.6804005956866174
467 -0.6804005956866174
468 -0.6804005956866169
469 -0.680400595686601
470 -0.680400595686601
471 -0.680400595686601
472 -0.680400595686601
473 -0.6804005956866009
474 -0.6804005956866009
475 -0.6804005956866009
476 -0.6804005956865972
477 -0.6804005956865972
478 -0.6804005956865975
479 -0.6804005956865972
480 -0.6804005956865932
481 -0.6804005956865912
482 -0.6804005956865912
483 -0.6804005956865912
484 -0.6804005956865912
485 -0.6804005956865912
486 -0.6804005956865912
487 -0.6804005956865912
488 -0.680400595686578
489 -0.680400595686578
490 -0.6804005956865776
491 -0.6804005956865776
492 -0.6804005956865776
493 -0.6804005956865776
494 -0.6804005956865776
495 -0.6804005956865776
496 -0.6804005956865776
497 -0.6804005956865774
498 -0.6804005956865774
499 -0.6804005956865774
500 -0.6804005956865774
501 -0.6804005956865774
502 -0.6804005956865774
503 -0.6804005956865774
504 -0.6804005956865774
505 -0.6804005956865774
506 -0.6804005956865768
507 -0.6804005956865768
508 -0.6804005956865745
509 -0.6804005956865745
510 -0.6804005956865745
511 -0.6804005956865727
512 -0.6804005956865727
513 -0.6804005956865727
514 -0.6804005956865727
515 -0.6804005956865727
516 -0.6804005956865726
517 -0.6804005956865726
518 -0.6804005956865726
519 -0.6804005956865726
520 -0.6804005956865726
521 -0.6804005956865726
522 -0.6804005956865726
523 -0.6804005956865726
524 -0.6804005956865726
525 -0.6804005956865726
526 -0.6804005956865726
527 -0.6804005956865726
528 -0.6804005956865726
529 -0.6804005956865726
530 -0.6804005956865726
531 -0.6804005956865726
532 -0.6804005956865726
533 -0.6804005956865726
534 -0.6804005956865726
535 -0.6804005956865726
536 -0.6804005956865726
537 -0.6804005956864885
538 -0.6804005956864885
539 -0.6804005956864885
540 -0.6804005956864885
541 -0.6804005956864885
542 -0.6804005956864885
543 -0.6804005956864885
544 -0.6804005956864885
545 -0.6804005956864885
546 -0.6804005956864885
547 -0.6804005956864885
548 -0.6804005956864885
549 -0.6804005956864885
550 -0.6804005956864885
551 -0.6804005956864885
552 -0.6804005956864885
553 -0.6804005956864885
554 -0.6804005956864885
555 -0.6804005956864885
556 -0.6804005956864885
557 -0.6804005956864885
558 -0.6804005956864885
559 -0.6804005956864885
560 -0.6804005956864883
561 -0.6804005956864883
562 -0.6804005956864883
563 -0.6804005956864883
564 -0.6804005956864883
565 -0.6804005956864883
566 -0.6804005956864883
567 -0.6804005956864883
568 -0.6804005956864883
569 -0.6804005956864883
570 -0.6804005956864883
571 -0.6804005956864883
572 -0.6804005956864883
573 -0.6804005956864883
574 -0.6804005956864883
575 -0.6804005956864883
576 -0.6804005956864883
577 -0.6804005956864883
578 -0.6804005956864883
579 -0.6804005956864883
580 -0.6804005956864883
581 -0.6804005956864883
582 -0.6804005956864883
583 -0.6804005956864883
584 -0.6804005956864883
585 -0.6804005956864883
586 -0.6804005956864883
587 -0.6804005956864883
588 -0.6804005956864461
589 -0.6804005956864145
590 -0.6804005956864145
591 -0.6804005956864145
592 -0.6804005956864145
593 -0.6804005956864145
594 -0.6804005956864145
595 -0.6804005956864145
596 -0.6804005956864145
597 -0.6804005956864145
598 -0.6804005956864145
599 -0.6804005956864145
600 -0.6804005956864145
601 -0.6804005956864145
602 -0.6804005956864145
603 -0.6804005956864145
604 -0.6804005956864145
605 -0.6804005956864145
606 -0.6804005956864145
607 -0.6804005956864145
608 -0.6804005956864145
609 -0.6804005956864145
610 -0.6804005956864145
611 -0.6804005956864145
612 -0.6804005956864093
613 -0.6804005956864093
614 -0.6804005956864093
615 -0.6804005956864093
616 -0.6804005956864093
617 -0.6804005956864093
618 -0.6804005956864093
619 -0.6804005956864067
620 -0.6804005956864067
621 -0.6804005956864067
622 -0.6804005956864067
623 -0.6804005956864067
624 -0.6804005956864067
625 -0.6804005956864067
626 -0.6804005956864067
627 -0.6804005956864067
628 -0.6804005956864067
629 -0.6804005956864067
630 -0.6804005956864053
631 -0.6804005956864053
632 -0.6804005956864053
633 -0.6804005956864053
634 -0.6804005956864053
635 -0.6804005956864053
636 -0.6804005956864053
637 -0.6804005956864053
638 -0.6804005956864053
639 -0.6804005956864053
640 -0.6804005956864053
641 -0.6804005956864053
642 -0.6804005956864053
643 -0.6804005956864053
644 -0.6804005956864053
645 -0.6804005956864053
646 -0.6804005956864053
647 -0.6804005956864053
648 -0.6804005956864053
649 -0.6804005956864053
650 -0.6804005956864053
651 -0.6804005956864053
652 -0.6804005956864042
653 -0.6804005956864042
654 -0.6804005956864042
655 -0.6804005956864042
656 -0.6804005956864042
657 -0.6804005956864042
658 -0.6804005956864042
659 -0.6804005956864042
660 -0.6804005956864042
661 -0.6804005956864042
662 -0.6804005956864042
663 -0.6804005956864042
664 -0.6804005956864042
665 -0.6804005956864042
666 -0.6804005956864042
667 -0.6804005956864042
668 -0.6804005956864042
669 -0.6804005956864042
670 -0.6804005956864042
671 -0.6804005956864042
672 -0.6804005956864042
673 -0.6804005956864042
674 -0.6804005956864042
675 -0.6804005956864042
676 -0.6804005956864042
677 -0.6804005956864042
678 -0.6804005956864042
679 -0.6804005956864042
680 -0.6804005956864042
681 -0.6804005956864042
682 -0.6804005956864042
683 -0.6804005956864042
684 -0.6804005956864042
685 -0.6804005956864042
686 -0.6804005956864042
687 -0.6804005956864042
688 -0.6804005956864042
689 -0.6804005956864042
690 -0.6804005956864042
691 -0.6804005956864042
692 -0.6804005956864042
693 -0.6804005956864042
694 -0.6804005956864042
695 -0.6804005956864042
696 -0.6804005956864042
697 -0.6804005956864042
698 -0.6804005956864042
699 -0.6804005956864042
700 -0.6804005956864042
701 -0.6804005956864042
702 -0.6804005956864042
703 -0.6804005956864042
704 -0.6804005956864042
705 -0.6804005956864042
706 -0.6804005956864042
707 -0.680400595686404
708 -0.680400595686404
709 -0.680400595686404
710 -0.680400595686404
711 -0.680400595686404
712 -0.680400595686404
713 -0.680400595686404
714 -0.680400595686404
715 -0.680400595686404
716 -0.680400595686404
717 -0.680400595686404
718 -0.680400595686404
719 -0.680400595686404
720 -0.680400595686404
721 -0.680400595686404
722 -0.680400595686404
723 -0.680400595686404
724 -0.680400595686404
725 -0.680400595686404
726 -0.680400595686404
727 -0.680400595686404
728 -0.680400595686404
729 -0.680400595686404
730 -0.680400595686404
731 -0.680400595686404
732 -0.680400595686404
733 -0.680400595686404
734 -0.680400595686404
735 -0.680400595686404
736 -0.680400595686404
737 -0.680400595686404
738 -0.680400595686404
739 -0.680400595686404
740 -0.680400595686404
741 -0.680400595686404
742 -0.680400595686404
743 -0.680400595686404
744 -0.680400595686404
745 -0.680400595686404
746 -0.680400595686404
747 -0.680400595686404
748 -0.680400595686404
749 -0.680400595686404
750 -0.680400595686404
751 -0.680400595686404
752 -0.680400595686404
753 -0.680400595686404
754 -0.680400595686404
755 -0.680400595686404
756 -0.680400595686404
757 -0.680400595686404
758 -0.680400595686404
759 -0.680400595686404
760 -0.680400595686404
761 -0.680400595686404
762 -0.680400595686404
763 -0.680400595686404
764 -0.680400595686404
765 -0.680400595686404
766 -0.680400595686404
767 -0.680400595686404
768 -0.680400595686404
769 -0.680400595686404
770 -0.680400595686404
771 -0.680400595686404
772 -0.680400595686404
773 -0.680400595686404
774 -0.680400595686404
775 -0.680400595686404
776 -0.680400595686404
777 -0.680400595686404
778 -0.680400595686404
779 -0.680400595686404
780 -0.680400595686404
781 -0.680400595686404
782 -0.680400595686404
783 -0.680400595686404
784 -0.680400595686404
785 -0.680400595686404
786 -0.680400595686404
787 -0.680400595686404
788 -0.680400595686404
789 -0.680400595686404
790 -0.680400595686404
791 -0.680400595686404
792 -0.680400595686404
793 -0.680400595686404
794 -0.680400595686404
795 -0.680400595686404
796 -0.680400595686404
797 -0.680400595686404
798 -0.680400595686404
799 -0.680400595686404
800 -0.680400595686404
801 -0.680400595686404
802 -0.680400595686404
803 -0.680400595686404
804 -0.680400595686404
805 -0.680400595686404
806 -0.680400595686404
807 -0.680400595686404
808 -0.680400595686404
809 -0.680400595686404
810 -0.680400595686404
811 -0.680400595686404
812 -0.680400595686404
813 -0.680400595686404
814 -0.680400595686404
815 -0.680400595686404
816 -0.680400595686404
817 -0.680400595686404
818 -0.680400595686404
819 -0.680400595686404
820 -0.680400595686404
821 -0.680400595686404
822 -0.680400595686404
823 -0.680400595686404
824 -0.680400595686404
825 -0.680400595686404
826 -0.680400595686404
827 -0.680400595686404
828 -0.680400595686404
829 -0.680400595686404
830 -0.680400595686404
831 -0.680400595686404
832 -0.680400595686404
833 -0.680400595686404
834 -0.680400595686404
835 -0.680400595686404
836 -0.680400595686404
837 -0.680400595686404
838 -0.680400595686404
839 -0.680400595686404
840 -0.680400595686404
841 -0.680400595686404
842 -0.680400595686404
843 -0.680400595686404
844 -0.680400595686404
845 -0.680400595686404
846 -0.680400595686404
847 -0.680400595686404
848 -0.680400595686404
849 -0.680400595686404
850 -0.680400595686404
851 -0.680400595686404
852 -0.680400595686404
853 -0.680400595686404
854 -0.680400595686404
855 -0.680400595686404
856 -0.680400595686404
857 -0.680400595686404
858 -0.680400595686404
859 -0.680400595686404
860 -0.680400595686404
861 -0.680400595686404
862 -0.680400595686404
863 -0.680400595686404
864 -0.680400595686404
865 -0.680400595686404
866 -0.680400595686404
867 -0.680400595686404
868 -0.680400595686404
869 -0.680400595686404
870 -0.680400595686404
871 -0.680400595686404
872 -0.680400595686404
873 -0.680400595686404
874 -0.680400595686404
875 -0.680400595686404
876 -0.680400595686404
877 -0.680400595686404
878 -0.680400595686404
879 -0.680400595686404
880 -0.680400595686404
881 -0.680400595686404
882 -0.680400595686404
883 -0.680400595686404
884 -0.680400595686404
885 -0.680400595686404
886 -0.680400595686404
887 -0.680400595686404
888 -0.680400595686404
889 -0.680400595686404
890 -0.680400595686404
891 -0.680400595686404
892 -0.680400595686404
893 -0.680400595686404
894 -0.680400595686404
895 -0.680400595686404
896 -0.680400595686404
897 -0.680400595686404
898 -0.680400595686404
899 -0.680400595686404
900 -0.680400595686404
901 -0.680400595686404
902 -0.680400595686404
903 -0.680400595686404
904 -0.680400595686404
905 -0.680400595686404
906 -0.680400595686404
907 -0.680400595686404
908 -0.680400595686404
909 -0.680400595686404
910 -0.680400595686404
911 -0.680400595686404
912 -0.680400595686404
913 -0.680400595686404
914 -0.680400595686404
915 -0.680400595686404
916 -0.680400595686404
917 -0.680400595686404
918 -0.680400595686404
919 -0.680400595686404
920 -0.680400595686404
921 -0.680400595686404
922 -0.680400595686404
923 -0.680400595686404
924 -0.680400595686404
925 -0.680400595686404
926 -0.680400595686404
927 -0.680400595686404
928 -0.680400595686404
929 -0.680400595686404
930 -0.680400595686404
931 -0.680400595686404
932 -0.680400595686404
933 -0.680400595686404
934 -0.680400595686404
935 -0.680400595686404
936 -0.680400595686404
937 -0.680400595686404
938 -0.680400595686404
939 -0.680400595686404
940 -0.680400595686404
941 -0.680400595686404
942 -0.680400595686404
943 -0.680400595686404
944 -0.680400595686404
945 -0.680400595686404
946 -0.680400595686404
947 -0.680400595686404
948 -0.680400595686404
949 -0.680400595686404
950 -0.680400595686404
951 -0.680400595686404
952 -0.680400595686404
953 -0.680400595686404
954 -0.680400595686404
955 -0.680400595686404
956 -0.680400595686404
957 -0.680400595686404
958 -0.680400595686404
959 -0.680400595686404
960 -0.680400595686404
961 -0.680400595686404
962 -0.680400595686404
963 -0.680400595686404
964 -0.680400595686404
965 -0.680400595686404
966 -0.680400595686404
967 -0.680400595686404
968 -0.680400595686404
969 -0.680400595686404
970 -0.680400595686404
971 -0.680400595686404
972 -0.680400595686404
973 -0.680400595686404
974 -0.680400595686404
975 -0.680400595686404
976 -0.680400595686404
977 -0.680400595686404
978 -0.680400595686404
979 -0.680400595686404
980 -0.680400595686404
981 -0.680400595686404
982 -0.680400595686404
983 -0.680400595686404
984 -0.680400595686404
985 -0.680400595686404
986 -0.680400595686404
987 -0.680400595686404
988 -0.680400595686404
989 -0.680400595686404
990 -0.680400595686404
991 -0.680400595686404
992 -0.680400595686404
993 -0.680400595686404
994 -0.680400595686404
995 -0.680400595686404
996 -0.680400595686404
997 -0.680400595686404
998 -0.680400595686404
999 -0.680400595686404
