0 -0.055
1 -0.19849602777777778
2 -0.20449880555555555
3 -0.37557915648361107
4 -0.4149307030086111
5 -0.43890692800861103
6 -0.4949985582863889
7 -0.5240260582863888
8 -0.5593942921691389
9 -0.7771469724215424
10 -0.8297740754230174
11 -0.8817664947037868
12 -0.8826215689780019
13 -0.8849818598784731
14 -0.9464609246718274
15 -0.9628634246718273
16 -0.9446384246718273
17 -0.9406010378774058
18 -0.9588111117556739
19 -0.934652636755674
20 -0.9379060343581739
21 -1.0554292279588575
22 -1.050678285207944
23 -1.052340071439284
24 -1.033868166369032
25 -1.051301188869032
26 -1.0736951149609215
27 -1.115646731263899
28 -1.1055313320599136
29 -1.14328419836956
30 -1.1662788491348477
31 -1.1776864801380216
32 -1.1025491942756334
33 -1.0945486441889727
34 -1.1117064289919572
35 -1.1345910548081508
36 -1.093439220361821
37 -1.1028199175586832
38 -1.1062037417064283
39 -1.0983584768041785
40 -1.0415614999886993
41 -1.0316218890091473
42 -1.0245611505971222
43 -0.9919786016967627
44 -0.9488966128641584
45 -0.8810137188312139
46 -0.8525083795543345
47 -0.8469128553411833
48 -0.8332148557987761
49 -0.8459053201802912
50 -0.8511290175486699
51 -0.8168378323583628
52 -0.7841568234374889
53 -0.7879091893199139
54 -0.7912863186140965
55 -0.592329426152869
56 -0.5547698995323825
57 -0.549062256557747
58 -0.5326896594609287
59 -0.5287074624650763
60 -0.4416266152381066
61 -0.4343527583362126
62 -0.40692267844689284
63 -0.40938460570235186
64 -0.263339523601246
65 -0.16390348848150196
66 -0.06601423033966805
67 0.04388775816338441
68 0.04872440185419999
69 0.11438769044407356
70 0.11638185152099546
71 0.15071221886005404
72 0.16335181977451838
73 0.19043791773040064
74 0.23402689872831953
75 0.23267015324601953
76 0.23087540827678993
77 0.3282594786905576
78 0.328273124062405
79 0.35796422009399964
80 0.41866766657937926
81 0.6282147993825562
82 0.7803337247003393
83 0.9233252785881978
84 1.0010143911704734
85 1.064708917186402
86 1.090393794863361
87 1.137351081416953
88 1.1381610575268488
89 1.2282145730748681
90 1.2503405611833271
91 1.299280206592998
92 1.3175873505262687
93 1.3571019663676938
94 1.3905999338216808
95 1.4479425288751888
96 1.486710961360126
97 1.508528898072331
98 1.5107247618137398
99 1.5232000914433284
100 1.605753468800624
101 1.701438464792584
102 1.7004846637313915
103 1.7476070629713207
104 1.746834484111755
105 1.7605727417880845
106 1.9081808974625376
107 1.9251960569447566
108 2.125872109419849
109 2.16591054293674
110 2.2207602423729265
111 2.2335728704284232
112 2.2581036142772444
113 2.263538431635602
114 2.3647760855023656
115 2.370938015476007
116 2.3703748054873834
117 2.371855789502768
118 2.48023264743583
119 2.5411176063228478
120 2.6020186084996237
121 2.6253482242111814
122 2.6267919849019137
123 2.6321304277739146
124 2.636687014990178
125 2.640401170784579
126 2.6608529784681583
127 2.684452191518138
128 2.6873788185638636
129 2.692418566447698
130 2.6988971975635625
131 2.7167858252316828
132 2.73613106508115
133 2.7751065908447714
134 2.7842132629299647
135 2.792258434684497
136 2.7983386678404094
137 2.802056311186329
138 2.8021851555665123
139 2.8177311262703686
140 2.8878934412056436
141 2.8880094011478086
142 2.8982240625526297
143 2.950700779583981
144 2.992337676161107
145 3.0492337079956777
146 3.0611245617568
147 3.0677771376838376
148 3.0862831354267297
149 3.1371557594156654
150 3.16543270031624
151 3.2219138194998953
152 3.245306144694288
153 3.252913649574877
154 3.2606727516554788
155 3.2923026278220417
156 3.3187494303979483
157 3.3535333967172503
158 3.36139903800286
159 3.3790370684332736
160 3.38051257992978
161 3.3833928039263235
162 3.3834773387241612
163 3.383553420042216
164 3.390550607818254
165 3.397956212987736
166 3.4068954650227106
167 3.41388213289362
168 3.4170797245140196
169 3.419023045581497
170 3.4206814956766425
171 3.4226432365246975
172 3.4225983112671994
173 3.4458278287717174
174 3.4565277161411525
175 3.459009746238514
176 3.458915818685361
177 3.4589657356381363
178 3.460825135657819
179 3.4678953173398397
180 3.4746275519242262
181 3.4899103997788488
182 3.4932408883386916
183 3.5218702914429354
184 3.5256646667058353
185 3.5306506901877603
186 3.531843039925631
187 3.533301519615166
188 3.540035333550765
189 3.548810567434851
190 3.559254193868679
191 3.5639011892553376
192 3.585700847192128
193 3.5903330858119884
194 3.5904682801849708
195 3.5909418746109716
196 3.594265264934554
197 3.6092887727241023
198 3.6093916083440067
199 3.6154604477182293
200 3.616366265710538
201 3.6174904504832486
202 3.623932284148177
203 3.6239057562328765
204 3.6239231611981046
205 3.6276142732383385
206 3.627826187209505
207 3.635654419346708
208 3.6357439879231737
209 3.635756676142825
210 3.635768095540511
211 3.6388802963059783
212 3.6389468754577865
213 3.6389552001986996
214 3.63893132507493
215 3.6529618263347823
216 3.655945231931619
217 3.659605326199935
218 3.659587921234706
219 3.659568582384452
220 3.669073826411563
221 3.6697827516434955
222 3.669789494683635
223 3.670441003841209
224 3.676680014857049
225 3.6767149007162274
226 3.6797718276707565
227 3.688821108068877
228 3.688943561714387
229 3.6947714771646125
230 3.697110652141598
231 3.697561719373281
232 3.6975490311536294
233 3.6984075130349217
234 3.699127283211803
235 3.6991189584708897
236 3.700121822317985
237 3.7009949279286687
238 3.7055774456471093
239 3.7083312332052056
240 3.7088558512306893
241 3.71301406282048
242 3.714985082897849
243 3.7166289662264163
244 3.7169838325809668
245 3.718720477644517
246 3.718838173266896
247 3.720274847916944
248 3.726071087829195
249 3.7260656259666813
250 3.7267633273785097
251 3.7273148389833883
252 3.7288363454408207
253 3.729328689707925
254 3.7293982440013926
255 3.7313293039762
256 3.7316725197538307
257 3.7325327788322173
258 3.732682461480784
259 3.7335322662430195
260 3.7340546388015445
261 3.734543928886347
262 3.73544453273312
263 3.7355627662358017
264 3.736810368941831
265 3.736826193571685
266 3.7368943303866087
267 3.737420782171067
268 3.738519759533512
269 3.7385207716276634
270 3.7385994340533752
271 3.738663840304577
272 3.7393374608774366
273 3.73949995469722
274 3.739578715057599
275 3.739582248631905
276 3.7403815512837255
277 3.7410184239579607
278 3.7411341170784147
279 3.741130891903219
280 3.7426862304186255
281 3.742777725689327
282 3.744534858974537
283 3.745449382287728
284 3.746604892332759
285 3.7507801803056946
286 3.750803054487401
287 3.751168364476852
288 3.7511809991962277
289 3.751258897609544
290 3.7514073338553797
291 3.75284718851884
292 3.75292689628104
293 3.75302857769527
294 3.753045637269631
295 3.75429886534606
296 3.754391174716181
297 3.754655417137542
298 3.756333376492889
299 3.756336044733954
