0 -0.012702702702702703
1 -0.026888581081081084
2 -0.2650058815173627
3 -0.2663227734092546
4 -0.27240385449033566
5 -0.3049486937538491
6 -0.31233180186195725
7 -0.31908855861871394
8 -0.47732673087937255
9 -0.5003641330255933
10 -0.5066031032958638
11 -0.5588921861855468
12 -0.6071110186052503
13 -0.6106010608376224
14 -0.6243705406857913
15 -0.644479084503783
16 -0.6813790673043303
17 -0.6765609787628247
18 -0.8363881808311305
19 -0.851044300336638
20 -0.9437650926955409
21 -0.9855338369833869
22 -0.994250053199603
23 -1.1814801422087051
24 -1.2329592557740208
25 -1.2378597928093313
26 -1.2603211296589443
27 -1.273279639214834
28 -1.2654506387957658
29 -1.3001522533619105
30 -1.3620057692440946
31 -1.3666176291630672
32 -1.5222302250573445
33 -1.5597413911214086
34 -1.578868439094382
35 -1.6229138281388233
36 -1.6314293156068862
37 -1.696475122195816
38 -1.7101909496602952
39 -1.714670849564767
40 -1.7334204260074415
41 -1.8131780914159918
42 -1.8243840440306225
43 -1.8283772142542782
44 -1.8594171348273982
45 -1.8832724597861883
46 -1.9078009765980892
47 -1.9575628964288736
48 -2.0136508968187408
49 -2.004388601186743
50 -2.012113140106345
51 -2.0207110554687304
52 -2.03798564838008
53 -2.0495466722869597
54 -2.0614971272071734
55 -2.082693896132343
56 -2.077107470126262
57 -2.103067509117783
58 -2.1051534187419954
59 -2.100335870619651
60 -2.1086660393356276
61 -2.111042006365081
62 -2.0966007913327007
63 -2.101345548054099
64 -2.099402032040217
65 -2.1093413607902263
66 -2.1131639636554698
67 -2.108909818525701
68 -2.1109526108839782
69 -2.1276957843271065
70 -2.130302383860058
71 -2.1179372867876323
72 -2.124946346699303
73 -2.1294306921591057
74 -2.159917700198969
75 -2.1732736086642332
76 -2.1747260093006777
77 -2.1666410538773904
78 -2.1706444294242955
79 -2.1775930229453366
80 -2.1942053003302235
81 -2.2010724614985375
82 -2.257782573493811
83 -2.2627702379959995
84 -2.275272098657909
85 -2.284174048159414
86 -2.285424593706706
87 -2.287405292678142
88 -2.272247627192948
89 -2.2778628352457186
90 -2.28880663772496
91 -2.2901144678816516
92 -2.2907305167109566
93 -2.295355791598909
94 -2.31367961171001
95 -2.3238191067251663
96 -2.3359510050793753
97 -2.385544945419115
98 -2.344114463152613
99 -2.3265838241419465
100 -2.337560867594649
101 -2.3722068391859916
102 -2.3457869194704664
103 -2.3393345933398977
104 -2.380967727835838
105 -2.382645372134348
106 -2.4164579184890798
107 -2.469665065681376
108 -2.4581776979359184
109 -2.4606363901748094
110 -2.47122562759832
111 -2.4719409669147177
112 -2.4761204324543407
113 -2.462803848438022
114 -2.4537145332594394
115 -2.5056619968601233
116 -2.5184854843715043
117 -2.5001458360718507
118 -2.4658722919658835
119 -2.4786087078191175
120 -2.51987442470169
121 -2.526188909259292
122 -2.535453027498159
123 -2.5077770724719475
124 -2.402351457532362
125 -2.3372245121033535
126 -2.414069827930595
127 -2.443306291988054
128 -2.426727461096582
129 -2.427697555778126
130 -2.4319539037692204
131 -2.4378144171993754
132 -2.4389197144485166
133 -2.4430804970640185
134 -2.446502934157563
135 -2.4442441205014656
136 -2.3731424922699444
137 -2.3834735799719127
138 -2.456406961526877
139 -2.4354287242287245
140 -2.4599936309554624
141 -2.418839385343754
142 -2.4124510557850227
143 -2.3981232116764737
144 -2.40278307073457
145 -2.4022563624340765
146 -2.4162051376755564
147 -2.401798233859003
148 -2.4038881271351613
149 -2.417375209631565
150 -2.4168901434236645
151 -2.4184034541218
152 -2.4318405792475883
153 -2.447093575201962
154 -2.490804671328576
155 -2.5150864881712054
156 -2.5160084030838976
157 -2.5360838623979673
158 -2.537479312598271
159 -2.539788420865533
160 -2.541040461533676
161 -2.538628078075628
162 -2.5553551722314616
163 -2.5419442056275137
164 -2.553093037955419
165 -2.5536416976715763
166 -2.5477811811606768
167 -2.5544498810467715
168 -2.5109028293662847
169 -2.5175982025056025
170 -2.5314178796169573
171 -2.5591922164640915
172 -2.556010608868719
173 -2.5543053154618143
174 -2.553671640225744
175 -2.554997700709059
176 -2.5393014565304424
177 -2.5504152571394245
178 -2.529660436218726
179 -2.5146154078963923
180 -2.5041737157228496
181 -2.4977028358374156
182 -2.486977574991222
183 -2.4962373732218275
184 -2.4813075171685743
185 -2.489691203925116
186 -2.489863453040134
187 -2.4860040237812613
188 -2.456226801993647
189 -2.4519001882090565
190 -2.4477924028817024
191 -2.4112451189687896
192 -2.388438674385822
193 -2.3846531399349087
194 -2.3850982551444124
195 -2.4041874371118768
196 -2.4079166173419067
197 -2.395189376694486
198 -2.4243385423371486
199 -2.427446785904107
200 -2.4182339424071024
201 -2.4174106542632146
202 -2.4172018491660348
203 -2.4087047331796603
204 -2.4064589636455853
205 -2.3827903525005514
206 -2.382449702590238
207 -2.3853793544281237
208 -2.387807974134575
209 -2.3753666457145863
210 -2.361884299731947
211 -2.362711500803637
212 -2.3583203854669104
213 -2.36480869210185
214 -2.3654364249027475
215 -2.347076884150002
216 -2.353696761531471
217 -2.3437586976790628
218 -2.348280458634433
219 -2.3503488150483425
220 -2.344431864476619
221 -2.328636000696561
222 -2.3009836587608348
223 -2.265765792528879
224 -2.2770060063843376
225 -2.274875315647077
226 -2.2415313458453583
227 -2.2407694973490764
228 -2.2501110824644
229 -2.2487877071317337
230 -2.238256648679259
231 -2.228205970944212
232 -2.224147265849133
233 -2.2130219935700053
234 -2.217100760607345
235 -2.220119093079424
236 -2.210755301698713
237 -2.193883768447239
238 -2.1982487143142095
239 -2.1987337805221094
240 -2.1972023673339236
241 -2.1939099884676496
242 -2.1818180186886322
243 -2.1771964654160216
244 -2.1636905303633607
245 -2.128748747284993
246 -2.1303576919982135
247 -2.1252250132841297
248 -2.127729745040372
249 -2.0895563868132614
250 -2.0927899466337343
251 -2.0896442358909537
252 -2.0895793435771
253 -2.0798391409498
254 -2.074486241971265
255 -2.0631841696934745
256 -2.0630390936247767
257 -2.044491230503129
258 -2.0107228852562953
259 -2.0012477140158493
260 -1.977454173694173
261 -1.9654216433151879
262 -1.9535328263758571
263 -1.946234920749306
264 -1.9282676220284007
265 -1.9253847514494455
266 -1.9253927177903765
267 -1.9262209756089081
268 -1.8851223223664388
269 -1.8817090663704013
270 -1.8455796002203066
271 -1.8431797048653356
272 -1.8322761019742817
273 -1.817146214173686
274 -1.7946967913724823
275 -1.7784007691605863
276 -1.7730414787737325
277 -1.7725675277092612
278 -1.7551960418302541
279 -1.7526593225418658
280 -1.7546344764547837
281 -1.7632538190337383
282 -1.7435570977174375
283 -1.7106811656248246
284 -1.7111662318327243
285 -1.7096980172648508
286 -1.7100209923973262
287 -1.7101089398588776
288 -1.7118792110031158
289 -1.7024918446451636
290 -1.7037453511318323
291 -1.7028092814018956
292 -1.705970030043592
293 -1.7062852917570008
294 -1.7066260011458678
295 -1.687226590996484
296 -1.6584140519208677
297 -1.6558021535779088
298 -1.6523307226177846
299 -1.6438000457400896
300 -1.6450745658890609
301 -1.6167513803081872
302 -1.6162536723815824
303 -1.6059313773882655
304 -1.6017703174560496
305 -1.5946193840260965
306 -1.6032495361921064
307 -1.6021188348636328
308 -1.5766159814045613
309 -1.574754381874043
310 -1.5753917242547477
311 -1.5562301156195126
312 -1.516583605229221
313 -1.5159327285619244
314 -1.5062736100816232
315 -1.4993530415830294
316 -1.5032090574536472
317 -1.5039074027662547
318 -1.4979650771256037
319 -1.4936101351515183
320 -1.4805854442694204
321 -1.480993751828663
322 -1.4802909012534236
323 -1.4655844563684577
324 -1.4642504715123272
325 -1.4629620478229293
326 -1.446239338860533
327 -1.437264897636864
328 -1.4364813469908573
329 -1.406265474078379
330 -1.3798642528220166
331 -1.3660455264318183
332 -1.359895809493362
333 -1.3572655504081461
334 -1.3474392667392183
335 -1.3322137552175175
336 -1.3335877003908143
337 -1.3255489330386279
338 -1.3255536721289796
339 -1.327587034689993
340 -1.3251295222969997
341 -1.3237177473292379
342 -1.3231726772497827
343 -1.3235016479910835
344 -1.3158102497848254
345 -1.3177625999374274
346 -1.3137084950781646
347 -1.3132376734785318
348 -1.312561258356727
349 -1.3108861863016834
350 -1.3113468496541991
351 -1.3103801608000363
352 -1.3118676470404815
353 -1.3062196551171759
354 -1.305836436944219
355 -1.3066785111504662
356 -1.302096847789596
357 -1.2996146088617513
358 -1.3012598365613923
359 -1.2979548903977252
360 -1.2969017159902414
361 -1.2981790409847676
362 -1.2969355259362407
363 -1.2928559438414842
364 -1.2791817030172687
365 -1.279024827651156
366 -1.275912632884673
367 -1.264860119436823
368 -1.262373870056656
369 -1.261490864928253
370 -1.2481509271919102
371 -1.2453538875513965
372 -1.2427855478485244
373 -1.2412779825664706
374 -1.2405895769268915
375 -1.2375487059342882
376 -1.2377725375391304
377 -1.2350854040806827
378 -1.229794463462118
379 -1.2013671371482026
380 -1.2020851240796837
381 -1.1978802912500819
382 -1.1985240591954605
383 -1.196853004441324
384 -1.1959316135406093
385 -1.195931887079569
386 -1.196697836456499
387 -1.192821266206014
388 -1.1922742401175332
389 -1.1881158417874171
390 -1.190227545489779
391 -1.1942508602189115
392 -1.1955808936985468
393 -1.1898638475712717
394 -1.1778232310827867
395 -1.177823410551698
396 -1.179281606449124
397 -1.1703601292005514
398 -1.1673038890073721
399 -1.1643891958594863
400 -1.121501385914354
401 -1.1208786646184865
402 -1.1166426530415294
403 -1.115967371940654
404 -1.116502295698079
405 -1.1159458304622274
406 -1.1173757423954884
407 -1.0927600066754783
408 -1.0910631325945581
409 -1.0876473027625415
410 -1.0752368259825202
411 -1.0654629749101823
412 -1.0586544533427293
413 -1.0591061991084096
414 -1.0589507646984413
415 -1.0539520422619184
416 -1.0486637917457673
417 -1.048324464435658
418 -1.045790303320032
419 -1.0428602750124452
420 -1.0420249779926851
421 -1.0361387407416807
422 -1.0352386283353854
423 -1.0316717649945728
424 -1.0355494116727475
425 -1.0350379113285788
426 -1.02249624275323
427 -1.0200921302930719
428 -1.0199619370516426
429 -1.0161840645424236
430 -1.01602787598817
431 -1.015604221561856
432 -1.0105403928344123
433 -1.0082894192993048
434 -1.0053287644166522
435 -1.0103662696143865
436 -1.0107933460901843
437 -1.0087738272305837
438 -1.0077404913286927
439 -1.00668965384748
440 -1.0065560373074172
441 -1.0044623226243772
442 -0.9992195169809056
443 -0.9991589168346572
444 -0.9894682490845754
445 -0.9895337743365881
446 -0.9894988820678728
447 -0.9861901546712509
448 -0.9862491273980625
449 -0.9847536106357508
450 -0.9842799819587658
451 -0.9834515603457353
452 -0.9816086090169284
453 -0.9816616844710585
454 -0.9667215495872351
455 -0.9655243413162146
456 -0.9645970638402493
457 -0.9629221428905808
458 -0.9553630620724136
459 -0.9543459434182662
460 -0.9518947501345696
461 -0.945723049669762
462 -0.9411218713539679
463 -0.9388431181589146
464 -0.9388388845187237
465 -0.9378582707627927
466 -0.9303484741745167
467 -0.9236595252586203
468 -0.9246606084991225
469 -0.9237522946652811
470 -0.9235062978073341
471 -0.9226402800065241
472 -0.9222697194737325
473 -0.9212626318083823
474 -0.9193836610517447
475 -0.9192880671880757
476 -0.9191267645632853
477 -0.917698026455556
478 -0.9165964116322474
479 -0.913518318107473
480 -0.9131118338292988
481 -0.9085568007765951
482 -0.9097354091345804
483 -0.9051489344473641
484 -0.9027479925148856
485 -0.8965486599676248
486 -0.8950272028203257
487 -0.8946793277876229
488 -0.894843451100484
489 -0.8940063794512946
490 -0.8931287864026497
491 -0.8911204082872967
492 -0.8879389819082608
493 -0.8870433026192501
494 -0.8812067856599476
495 -0.8789351211884506
496 -0.8761671587586928
497 -0.8760542644754813
498 -0.8647177786279165
499 -0.8603276915290813
500 -0.8604265944905083
501 -0.8597520736479219
502 -0.8597726361663147
503 -0.8596653471115637
504 -0.8543666043160993
505 -0.8474825862834642
506 -0.8371037197018928
507 -0.8378814582702341
508 -0.834688966204367
509 -0.8366540321364028
510 -0.8365168217204948
511 -0.8344292474354458
512 -0.8337869116069417
513 -0.8196096429229666
514 -0.8148229026840457
515 -0.8081275470512128
516 -0.8079649045542262
517 -0.8077931817629401
518 -0.808219915547124
519 -0.8067746597467309
520 -0.8059864978304001
521 -0.8020745547420025
522 -0.7965884335182116
523 -0.7948767754005143
524 -0.7959856567837019
525 -0.7949667754287841
526 -0.7920960950269968
527 -0.7917236945467077
528 -0.7901525054619929
529 -0.7912200408747975
530 -0.7914834167294942
531 -0.7855637616221809
532 -0.7819054287060698
533 -0.7808898231299861
534 -0.7786172493796546
535 -0.7778248321083066
536 -0.7785258149404887
537 -0.7781436394115897
538 -0.7781436417990278
539 -0.774637958536282
540 -0.773919861394911
541 -0.7737837181624834
542 -0.773639236718251
543 -0.7732950647532119
544 -0.7730821006843036
545 -0.7730821028329979
546 -0.7691615824163487
547 -0.7677520280592419
548 -0.7670780567901264
549 -0.7680997119678966
550 -0.7680997135342947
551 -0.7678528914974235
552 -0.7674780433246731
553 -0.7655023035088908
554 -0.7671856163040733
555 -0.7668299405439902
556 -0.7647352123039459
557 -0.764468719927216
558 -0.763731505392167
559 -0.7653821071503163
560 -0.7681500022963306
561 -0.7678298722254364
562 -0.7675734661493514
563 -0.7680486284335895
564 -0.7679211491638678
565 -0.7678955553255316
566 -0.7663462573604317
567 -0.768165947422916
568 -0.7681659483478582
569 -0.7681279356918745
570 -0.7680881959618512
571 -0.7591816961688078
572 -0.7596260036260783
573 -0.7592732016069769
574 -0.759099550654866
575 -0.7588878412917218
576 -0.7582830636311282
577 -0.758042998135836
578 -0.7590253619775377
579 -0.7566215491427078
580 -0.7581467764342943
581 -0.7572964144981381
582 -0.7570781856250666
583 -0.7574306867349987
584 -0.7571853222773159
585 -0.7577479693837876
586 -0.7573618642372377
587 -0.7569166922468991
588 -0.7566462716060325
589 -0.7556785616644349
590 -0.7560619072861269
591 -0.757090624161539
592 -0.7546019549141906
593 -0.7512788829976802
594 -0.7510596171927745
595 -0.7509216290594216
596 -0.7484691866310547
597 -0.7481452902332089
598 -0.7480816977027328
599 -0.7476321944162287
600 -0.7474285703140717
601 -0.747408080399869
602 -0.7473956209927812
603 -0.7471512214341354
604 -0.7408787966487105
605 -0.7396285695337311
606 -0.7425482225157711
607 -0.7413285072313998
608 -0.7409879375580523
609 -0.7396164115046654
610 -0.7423608057270281
611 -0.7423413929958009
612 -0.7424970915302899
613 -0.7424056307322099
614 -0.741808478665833
615 -0.7414614941426514
616 -0.7396994206331772
617 -0.7374410475380219
618 -0.7415285413525253
619 -0.7414132308976408
620 -0.7411104521069933
621 -0.7409132516094673
622 -0.7411601028337049
623 -0.7407770899281721
624 -0.7436517709507342
625 -0.740481340660099
626 -0.7395315704786795
627 -0.742624729702336
628 -0.742383097487527
629 -0.7423785194627234
630 -0.742210313918231
631 -0.7412026655279207
632 -0.7404916229135697
633 -0.740449902605447
634 -0.7403445384213059
635 -0.7414905603560903
636 -0.741346477005336
637 -0.737527008042683
638 -0.7375270081246604
639 -0.737375519810464
640 -0.7373111788954945
641 -0.7339912924189607
642 -0.7370612717650914
643 -0.7389549904283407
644 -0.7389417049390858
645 -0.7383485756029744
646 -0.73440727804393
647 -0.7342599013725122
648 -0.734237067434307
649 -0.735717854609285
650 -0.735829950264693
651 -0.735793880220644
652 -0.7357583971135979
653 -0.7315824823247712
654 -0.7282342587761367
655 -0.7280609671860094
656 -0.7273753626781898
657 -0.7269081442787263
658 -0.7269043027014043
659 -0.726894294782829
660 -0.7222118112356634
661 -0.7169927519660075
662 -0.7181988323446287
663 -0.7180667933222897
664 -0.7163137081217043
665 -0.7192749479187928
666 -0.720959886126498
667 -0.7206698103087992
668 -0.7206687341742659
669 -0.7206734382189222
670 -0.7206553517309426
671 -0.7202940777522183
672 -0.7202730750122714
673 -0.720071301426206
674 -0.7200632298760227
675 -0.7199645973600903
676 -0.7199616843287143
677 -0.719573808748207
678 -0.7180947262918249
679 -0.7180943510669149
680 -0.7183311799859845
681 -0.7183045307546378
682 -0.7180830054243951
683 -0.7184885247811669
684 -0.7187809856913947
685 -0.7153533973967338
686 -0.7152253482361006
687 -0.7175887652490953
688 -0.7160096952625217
689 -0.715954526597856
690 -0.7158728227731823
691 -0.7162369963522702
692 -0.7154994387452097
693 -0.716543374930739
694 -0.7165160131440946
695 -0.7164108242948485
696 -0.7175831126019216
697 -0.7175771217861469
698 -0.7175729349747304
699 -0.7192599964480536
700 -0.7218899283629349
701 -0.7218789144768384
702 -0.7217994452357532
703 -0.7217757398005149
704 -0.7216176192163747
705 -0.7179118797984295
706 -0.7177856291242377
707 -0.7181296581148982
708 -0.7181281654722287
709 -0.7179988820307086
710 -0.7185416104056611
711 -0.7191149052524974
712 -0.7143426137389925
713 -0.7150096882394209
714 -0.7149822479469307
715 -0.7150493594428649
716 -0.7156279668577182
717 -0.7156252406284815
718 -0.7155877612992749
719 -0.7155159120168286
720 -0.7148281230092565
721 -0.7148038107621111
722 -0.7147819061901071
723 -0.7118147850196983
724 -0.7097158145440733
725 -0.7103896064024197
726 -0.7100073077103616
727 -0.7099962006518146
728 -0.7099945639188638
729 -0.7109242359909596
730 -0.7084058767114113
731 -0.7086435193077185
732 -0.7100730424585247
733 -0.710545282772494
734 -0.7123391508237704
735 -0.7123366234622239
736 -0.7115909957762352
737 -0.7120080945935747
738 -0.7119908452931316
739 -0.7124495573396287
740 -0.7120969975685942
741 -0.7120657538248921
742 -0.7122761285583307
743 -0.7122745386008895
744 -0.7125252500338742
745 -0.7125213538949731
746 -0.7124952690149193
747 -0.712484684095616
748 -0.7124874617869451
749 -0.7128000343027135
750 -0.711552190468451
751 -0.7115107410285462
752 -0.7114876366171327
753 -0.7114760769656802
754 -0.711478101902659
755 -0.7114757825306941
756 -0.7109083419953203
757 -0.7110837037241179
758 -0.7110742487459213
759 -0.7110262804870087
760 -0.7110204032313887
761 -0.711801641767722
762 -0.7092112600569039
763 -0.7091952728702826
764 -0.7091938755241077
765 -0.7091931544343022
766 -0.7080509615700283
767 -0.7079001552223246
768 -0.7069125996056657
769 -0.7072410296689116
770 -0.7067373275063796
771 -0.706732250750587
772 -0.7067635754151824
773 -0.7067635754199494
774 -0.7066831219534249
775 -0.7065588775166189
776 -0.706557025967415
777 -0.7066415485738791
778 -0.706635772058344
779 -0.7065122282661073
780 -0.7065025476637001
781 -0.7065022437315226
782 -0.7064863507661006
783 -0.7064653975757624
784 -0.706204730229366
785 -0.7064111529761771
786 -0.7057501962182814
787 -0.7053919384944987
788 -0.7053872973890748
789 -0.7053785114870681
790 -0.705775166620594
791 -0.7057599130679326
792 -0.7057088503751417
793 -0.7058236763832701
794 -0.7058341537115442
795 -0.7058168457337138
796 -0.7058471593434426
797 -0.7052174726856791
798 -0.7053316739902049
799 -0.7053137304967998
800 -0.705316226846302
801 -0.7054188099788744
802 -0.7053857228811492
803 -0.7053936004108202
804 -0.7053888341079881
805 -0.7053811167942441
806 -0.7053720705924875
807 -0.7053866947352265
808 -0.7053710690355963
809 -0.7054366886991389
810 -0.7054376572202187
811 -0.7054202922962651
812 -0.7054143694826014
813 -0.7049883547171354
814 -0.7049818164738252
815 -0.7049605782912107
816 -0.7049541071687163
817 -0.7049712602490036
818 -0.7049650166519864
819 -0.7043666324408031
820 -0.7043436236327664
821 -0.7045041684342253
822 -0.7018558180863527
823 -0.7019502262907394
824 -0.701950226291455
825 -0.7011287423864399
826 -0.7007703180689032
827 -0.7007699626429597
828 -0.7007569431123266
829 -0.700755043149615
830 -0.7007549477724773
831 -0.6999661372457826
832 -0.6995946692832025
833 -0.6983927442187987
834 -0.6982338149268226
835 -0.6982426986684241
836 -0.6982214467728006
837 -0.6982176114223345
838 -0.6982175418924012
839 -0.6980497437599033
840 -0.6980599798856746
841 -0.6980570234214251
842 -0.698047003352755
843 -0.6979659058619948
844 -0.6973792899003171
845 -0.6971325673155302
846 -0.6951918895442976
847 -0.6950016850465598
848 -0.6945674841184117
849 -0.6946023775393321
850 -0.6941707683685215
851 -0.6939662388722383
852 -0.6939655499263813
853 -0.6939645780433675
854 -0.6940114850618497
855 -0.6940540643099109
856 -0.6940548565832596
857 -0.694054659862017
858 -0.694085968296993
859 -0.6940757678814574
860 -0.6940764739333244
861 -0.6941051881291889
862 -0.6940677371477222
863 -0.6938437663127704
864 -0.6935202891088527
865 -0.6935062680159756
866 -0.6935023980548884
867 -0.6935488178695524
868 -0.6935464189779583
869 -0.6935436460245125
870 -0.6911695918518427
871 -0.691169967076753
872 -0.6911689774428309
873 -0.6911629358697837
874 -0.6910652967070653
875 -0.6910635406324349
876 -0.6910584636564617
877 -0.6909420793317465
878 -0.6909281191277604
879 -0.6898001421719832
880 -0.6897972867920235
881 -0.6897969241539716
882 -0.6897959063464496
883 -0.6897977774332438
884 -0.6897283815901838
885 -0.689721872038714
886 -0.6897222889552811
887 -0.6897813440393864
888 -0.6897771296442918
889 -0.689769188553443
890 -0.6897694924856201
891 -0.6897694924858975
892 -0.6897689646137902
893 -0.6897681522402991
894 -0.6897658981903082
895 -0.6897660318505582
896 -0.6897620103721469
897 -0.6897478257037277
898 -0.6897408903778404
899 -0.6897208251682043
900 -0.6897088812828452
901 -0.6897119868794522
902 -0.6897179874429731
903 -0.6897111031099411
904 -0.6897107434629571
905 -0.6897107467568185
906 -0.6897100749330608
907 -0.6897187284696777
908 -0.6891675491028509
909 -0.688603841651402
910 -0.6886226475695116
911 -0.6886215275559947
912 -0.6886196079523513
913 -0.6885544979063071
914 -0.6885451384928446
915 -0.6885433606080295
916 -0.6885169527139389
917 -0.6884660616911649
918 -0.6884526411480936
919 -0.6883055167208817
920 -0.6882146069296251
921 -0.6882020347173018
922 -0.6881989478471893
923 -0.6881860442907635
924 -0.6881845947757503
925 -0.6881667976808717
926 -0.6881667060877923
927 -0.687733409314021
928 -0.6875638215390689
929 -0.6875608452006569
930 -0.6875599521879561
931 -0.6873368578187576
932 -0.6868036739546218
933 -0.6867334460445683
934 -0.686726487812642
935 -0.686726372752982
936 -0.6867389670807025
937 -0.6867438181134796
938 -0.6867411001962804
939 -0.6866969910415046
940 -0.6867004296236346
941 -0.6866994816340957
942 -0.6866816884008217
943 -0.6861473685770764
944 -0.685750165281237
945 -0.685744580255244
946 -0.6856730494921883
947 -0.6856615639607758
948 -0.685658951152736
949 -0.6856517665088709
950 -0.6856370306706157
951 -0.6854510890321901
952 -0.6854512344020083
953 -0.6854454561388128
954 -0.6854244419730275
955 -0.685428253648037
956 -0.6854111674451278
957 -0.6852495637607776
958 -0.6852436881313313
959 -0.68524249631056
960 -0.6852008849519673
961 -0.6852004089747712
962 -0.6852000472540232
963 -0.6851994699422971
964 -0.6851901066920034
965 -0.6850243321808165
966 -0.6850226544281347
967 -0.6850211522685078
968 -0.6850207498213342
969 -0.6850172573230039
970 -0.6850173750725563
971 -0.684933336331748
972 -0.6848913895094193
973 -0.6848890301878323
974 -0.6848796333331092
975 -0.6846360500973715
976 -0.6846305045207244
977 -0.684629273223191
978 -0.6845417764006033
979 -0.684541098076221
980 -0.6845378134183729
981 -0.6845263443073789
982 -0.6845265058293993
983 -0.6845256018283696
984 -0.6845255610080744
985 -0.6845141481138884
986 -0.6845131651370135
987 -0.6845130950064577
988 -0.6844545656120996
989 -0.6844545656121067
990 -0.6844369450579832
991 -0.6843821451034225
992 -0.6843740204741063
993 -0.684282894242332
994 -0.6842844181358254
995 -0.6842842909887377
996 -0.6842842854425821
997 -0.6842820123482728
998 -0.6842820123482783
999 -0.6842736166267186
