0 -0.1875707209459459
1 -0.18286146614189186
2 -0.703036777877088
3 -0.8990832961413917
4 -0.8821170799251753
5 -0.8328603231684186
6 -0.973576539384635
7 -0.9811796604479458
8 -1.3331896475758722
9 -1.4019740004902252
10 -1.028700849138874
11 -1.1937365378570153
12 -1.0364482157366754
13 -1.0355195498459795
14 -0.7971995464081413
15 -0.7882520560246292
16 -0.7610253879956413
17 -0.6493700501578034
18 -0.7969251512471267
19 -0.7957059228441887
20 -0.7957050329081637
21 -0.795792998279807
22 -0.8839233856952186
23 -1.009264492251569
24 -0.9348445891047087
25 -0.9596028881987368
26 -0.9595645503020034
27 -0.8032303427954968
28 -0.9188253093105975
29 -0.9320008005109219
30 -0.8476772150926074
31 -0.848033886359502
32 -0.8593257946991113
33 -0.7802595615592697
34 -0.7320647591719951
35 -0.7281064105098931
36 -0.5707110215234064
37 -0.5204624789265815
38 -0.5322523246285418
39 -0.5322521080948155
40 -0.669001743921905
41 -0.667373258544858
42 -0.8227817958888769
43 -0.8601202526884864
44 -0.8535729668077299
45 -0.6784352109164554
46 -0.6686075938568655
47 -0.6685911310106182
48 -0.668211459690523
49 -0.6682114392251097
50 -0.6681531093091819
51 -0.6680135320575704
52 -0.6679908307737866
53 -0.662171353825452
54 -0.6658524231882592
55 -0.6625179303688231
56 -0.6846778480742148
57 -0.6840946163132442
58 -0.5512748776385245
59 -0.5605500716477582
60 -0.597834511866075
61 -0.5992740332229577
62 -0.5992585817402939
63 -0.5995711082162544
64 -0.5995694778176058
65 -0.5995573653693209
66 -0.563265483293617
67 -0.5686713170152567
68 -0.5617812881584658
69 -0.5613566760314547
70 -0.5611396081402599
71 -0.5610562972144598
72 -0.5770816411093651
73 -0.5770699079124418
74 -0.576945744133382
75 -0.5769211178786527
76 -0.5769180989078572
77 -0.5765350797380467
78 -0.5879488620348924
79 -0.6035482636618347
80 -0.616149936805403
81 -0.6161463265417351
82 -0.6161462657900285
83 -0.6284286384305062
84 -0.654750666740478
85 -0.6547506657066637
86 -0.6547506657016479
87 -0.6448271177754715
88 -0.6448270830573863
89 -0.6441801236703167
90 -0.650056289403029
91 -0.6583190956149806
92 -0.6581545700446063
93 -0.6581545700439952
94 -0.6581545700303131
95 -0.6581545700303131
96 -0.659792447022242
97 -0.659792443175351
98 -0.676305769512105
99 -0.67630575896879
100 -0.6763047780767515
101 -0.6763047780767515
102 -0.6814821240358192
103 -0.6814821236629613
104 -0.6814821236627264
105 -0.6815055878594951
106 -0.6815837093699634
107 -0.681583709369963
108 -0.6808151576538461
109 -0.6808260165915774
110 -0.680826040104936
111 -0.6808260401049357
112 -0.680826040132661
113 -0.6808260401387422
114 -0.6808260426949553
115 -0.6808258619322396
116 -0.6808258619322342
117 -0.6808258619322303
118 -0.6808258619322303
119 -0.6808258619322298
120 -0.6808258617474738
121 -0.680825861743287
122 -0.6808258617432854
123 -0.6808258617432851
124 -0.6808259241698902
125 -0.6808257709103621
126 -0.6808257709103609
127 -0.6808257704308732
128 -0.6808257704309341
129 -0.6808257704309288
130 -0.6808257704309351
131 -0.6808257704309343
132 -0.6808257751678843
133 -0.6808257602774623
134 -0.680825760277445
135 -0.6808257602774447
136 -0.6808257585467412
137 -0.6808257585467412
138 -0.6808257585467412
139 -0.6808257585463675
140 -0.6808257585743752
141 -0.6808257573222791
142 -0.6808257573222787
143 -0.6808257573222787
144 -0.6808257573159917
145 -0.680825754950288
146 -0.6808257548538008
147 -0.6808257548538008
148 -0.6808257548565203
149 -0.6808257548565203
150 -0.6808257548568243
151 -0.6808257548568243
152 -0.6808257548772144
153 -0.6804010213404401
154 -0.6804010213404401
155 -0.6804010210494549
156 -0.6804010210517217
157 -0.6804010210517114
158 -0.6804010210517114
159 -0.6804010210517114
160 -0.6804010210517114
161 -0.6804010209005351
162 -0.6804010209005354
163 -0.6804010208844405
164 -0.6804010208844405
165 -0.6804010208844428
166 -0.6804010208844428
167 -0.6804010208844424
168 -0.6804010208844424
169 -0.6804010208844424
170 -0.6804010208844424
171 -0.6804010208844424
172 -0.6804010208844424
173 -0.6804010208844424
174 -0.6804010208844424
175 -0.6804010208844424
176 -0.6804010208844424
177 -0.6804005999414015
178 -0.6804005999414015
179 -0.6804005999414015
180 -0.6804005999414006
181 -0.6804005999414006
182 -0.6804005999414006
183 -0.6804005999414006
184 -0.6804005957325168
185 -0.6804005957325168
186 -0.6804005957324921
187 -0.6804005957324899
188 -0.6804005957308531
189 -0.6804005957308531
190 -0.6804005957308531
191 -0.6804005957308531
192 -0.6804005957308383
193 -0.6804005956925758
194 -0.6804005956925758
195 -0.6804005956925758
196 -0.6804005956925758
197 -0.6804005956925758
198 -0.6804005956925758
199 -0.6804005956925758
200 -0.6804005956925758
201 -0.6804005956925758
202 -0.6804005956925758
203 -0.6804005956925758
204 -0.6804005956925758
205 -0.6804005956925758
206 -0.6804005956925758
207 -0.6804005956925758
208 -0.6804005956887492
209 -0.6804005956887492
210 -0.6804005956887492
211 -0.6804005956887492
212 -0.6804005956887492
213 -0.6804005956887492
214 -0.6804005956887492
215 -0.6804005956887492
216 -0.6804005956887492
217 -0.6804005956887492
218 -0.6804005956887492
219 -0.6804005956887492
220 -0.6804005956887492
221 -0.6804005956887492
222 -0.6804005956887492
223 -0.6804005956887492
224 -0.6804005956887492
225 -0.6804005956887492
226 -0.6804005956887492
227 -0.6804005956887492
228 -0.6804005956887492
229 -0.6804005956887477
230 -0.6804005956887477
231 -0.6804005956866365
232 -0.6804005956866365
233 -0.6804005956866365
234 -0.6804005956866365
235 -0.6804005956866365
236 -0.6804005956866365
237 -0.6804005956866365
238 -0.6804005956866365
239 -0.6804005956866365
240 -0.6804005956866365
241 -0.6804005956866365
242 -0.6804005956866365
243 -0.6804005956866362
244 -0.6804005956866362
245 -0.6804005956866362
246 -0.6804005956866362
247 -0.6804005956866362
248 -0.6804005956866362
249 -0.6804005956866362
250 -0.6804005956866362
251 -0.6804005956866362
252 -0.6804005956866362
253 -0.6804005956866362
254 -0.6804005956866362
255 -0.6804005956866362
256 -0.6804005956866362
257 -0.6804005956866362
258 -0.6804005956866362
259 -0.6804005956866362
260 -0.6804005956866362
261 -0.6804005956864634
262 -0.6804005956864634
263 -0.6804005956864634
264 -0.6804005956864634
265 -0.6804005956864634
266 -0.6804005956864634
267 -0.6804005956864634
268 -0.680400595686425
269 -0.680400595686425
270 -0.680400595686425
271 -0.680400595686425
272 -0.680400595686425
273 -0.680400595686425
274 -0.680400595686425
275 -0.680400595686425
276 -0.680400595686425
277 -0.680400595686425
278 -0.680400595686425
279 -0.680400595686425
280 -0.6804005956864212
281 -0.6804005956864212
282 -0.6804005956864212
283 -0.6804005956864212
284 -0.6804005956864212
285 -0.6804005956864208
286 -0.6804005956864208
287 -0.6804005956864208
288 -0.6804005956864208
289 -0.6804005956864208
290 -0.6804005956864208
291 -0.6804005956864208
292 -0.6804005956864208
293 -0.6804005956864208
294 -0.6804005956864208
295 -0.6804005956864208
296 -0.680400595686402
297 -0.680400595686402
298 -0.680400595686402
299 -0.680400595686402
300 -0.680400595686402
301 -0.680400595686402
302 -0.680400595686402
303 -0.680400595686402
304 -0.680400595686402
305 -0.680400595686402
306 -0.680400595686402
307 -0.680400595686402
308 -0.680400595686402
309 -0.6804005956864015
310 -0.6804005956864015
311 -0.6804005956864015
312 -0.6804005956864015
313 -0.6804005956864015
314 -0.6804005956864015
315 -0.6804005956864015
316 -0.6804005956864015
317 -0.6804005956864015
318 -0.6804005956864015
319 -0.6804005956864015
320 -0.6804005956864015
321 -0.6804005956864015
322 -0.6804005956864015
323 -0.6804005956864015
324 -0.6804005956864015
325 -0.6804005956864015
326 -0.6804005956864015
327 -0.6804005956864015
328 -0.6804005956864015
329 -0.6804005956864015
330 -0.6804005956864015
331 -0.6804005956864015
332 -0.6804005956864015
333 -0.6804005956864015
334 -0.6804005956864015
335 -0.6804005956864015
336 -0.6804005956864015
337 -0.6804005956864015
338 -0.6804005956864015
339 -0.6804005956864015
340 -0.6804005956864015
341 -0.6804005956864015
342 -0.6804005956864015
343 -0.6804005956864015
344 -0.6804005956864015
345 -0.6804005956864015
346 -0.6804005956864015
347 -0.6804005956864015
348 -0.6804005956864015
349 -0.6804005956864015
350 -0.6804005956864015
351 -0.6804005956864015
352 -0.6804005956864015
353 -0.6804005956864015
354 -0.6804005956864015
355 -0.6804005956864015
356 -0.6804005956864015
357 -0.6804005956864015
358 -0.6804005956864015
359 -0.6804005956864015
360 -0.6804005956864015
361 -0.6804005956864015
362 -0.6804005956864015
363 -0.6804005956864015
364 -0.6804005956864015
365 -0.6804005956864015
366 -0.6804005956864015
367 -0.6804005956864015
368 -0.6804005956864015
369 -0.6804005956864015
370 -0.6804005956864015
371 -0.6804005956864015
372 -0.6804005956864015
373 -0.6804005956864015
374 -0.6804005956864015
375 -0.6804005956864015
376 -0.6804005956864015
377 -0.6804005956864015
378 -0.6804005956864015
379 -0.6804005956864015
380 -0.6804005956864015
381 -0.6804005956864015
382 -0.6804005956864015
383 -0.6804005956864015
384 -0.6804005956864015
385 -0.6804005956864015
386 -0.6804005956864015
387 -0.6804005956864015
388 -0.6804005956864015
389 -0.6804005956864015
390 -0.6804005956864015
391 -0.6804005956864015
392 -0.6804005956864015
393 -0.6804005956864015
394 -0.6804005956864015
395 -0.6804005956864015
396 -0.6804005956864015
397 -0.6804005956864015
398 -0.6804005956864015
399 -0.6804005956864015
400 -0.6804005956864015
401 -0.6804005956864015
402 -0.6804005956864015
403 -0.6804005956864015
404 -0.6804005956864015
405 -0.6804005956864015
406 -0.6804005956864015
407 -0.6804005956864015
408 -0.6804005956864015
409 -0.6804005956864015
410 -0.6804005956864015
411 -0.6804005956864015
412 -0.6804005956864015
413 -0.6804005956864015
414 -0.6804005956864015
415 -0.6804005956864015
416 -0.6804005956864015
417 -0.6804005956864015
418 -0.6804005956864015
419 -0.6804005956864015
420 -0.6804005956864015
421 -0.6804005956864015
422 -0.6804005956864015
423 -0.6804005956864015
424 -0.6804005956864015
425 -0.6804005956864015
426 -0.6804005956864015
427 -0.6804005956864015
428 -0.6804005956864015
429 -0.6804005956864015
430 -0.6804005956864015
431 -0.6804005956864015
432 -0.6804005956864015
433 -0.6804005956864015
434 -0.6804005956864015
435 -0.6804005956864015
436 -0.6804005956864015
437 -0.6804005956864015
438 -0.6804005956864015
439 -0.6804005956864015
440 -0.6804005956864015
441 -0.6804005956864015
442 -0.6804005956864015
443 -0.6804005956864015
444 -0.6804005956864015
445 -0.6804005956864015
446 -0.6804005956864015
447 -0.6804005956864015
448 -0.6804005956864015
449 -0.6804005956864015
450 -0.6804005956864015
451 -0.6804005956864015
452 -0.6804005956864015
453 -0.6804005956864015
454 -0.6804005956864015
455 -0.6804005956864015
456 -0.6804005956864015
457 -0.6804005956864015
458 -0.6804005956864015
459 -0.6804005956864015
460 -0.6804005956864015
461 -0.6804005956864015
462 -0.6804005956864015
463 -0.6804005956864015
464 -0.6804005956864015
465 -0.6804005956864015
466 -0.6804005956864015
467 -0.6804005956864015
468 -0.6804005956864015
469 -0.6804005956864015
470 -0.6804005956864015
471 -0.6804005956864015
472 -0.6804005956864015
473 -0.6804005956864015
474 -0.6804005956864015
475 -0.6804005956864015
476 -0.6804005956864015
477 -0.6804005956864015
478 -0.6804005956864015
479 -0.6804005956864015
480 -0.6804005956864015
481 -0.6804005956864015
482 -0.6804005956864015
483 -0.6804005956864015
484 -0.6804005956864015
485 -0.6804005956864015
486 -0.6804005956864015
487 -0.6804005956864015
488 -0.6804005956864015
489 -0.6804005956864015
490 -0.6804005956864015
491 -0.6804005956864015
492 -0.6804005956864015
493 -0.6804005956864015
494 -0.6804005956864015
495 -0.6804005956864015
496 -0.6804005956864015
497 -0.6804005956864015
498 -0.6804005956864015
499 -0.6804005956864015
500 -0.6804005956864015
501 -0.6804005956864015
502 -0.6804005956864015
503 -0.6804005956864015
504 -0.6804005956864015
505 -0.6804005956864015
506 -0.6804005956864015
507 -0.6804005956864015
508 -0.6804005956864015
509 -0.6804005956864015
510 -0.6804005956864015
511 -0.6804005956864015
512 -0.6804005956864015
513 -0.6804005956864015
514 -0.6804005956864015
515 -0.6804005956864015
516 -0.6804005956864015
517 -0.6804005956864015
518 -0.6804005956864015
519 -0.6804005956864015
520 -0.6804005956864015
521 -0.6804005956864015
522 -0.6804005956864015
523 -0.6804005956864015
524 -0.6804005956864015
525 -0.6804005956864015
526 -0.6804005956864015
527 -0.6804005956864015
528 -0.6804005956864015
529 -0.6804005956864015
530 -0.6804005956864015
531 -0.6804005956864015
532 -0.6804005956864015
533 -0.6804005956864015
534 -0.6804005956864015
535 -0.6804005956864015
536 -0.6804005956864015
537 -0.6804005956864015
538 -0.6804005956864015
539 -0.6804005956864015
540 -0.6804005956864015
541 -0.6804005956864015
542 -0.6804005956864015
543 -0.6804005956864015
544 -0.6804005956864015
545 -0.6804005956864015
546 -0.6804005956864015
547 -0.6804005956864015
548 -0.6804005956864015
549 -0.6804005956864015
550 -0.6804005956864015
551 -0.6804005956864015
552 -0.6804005956864015
553 -0.6804005956864015
554 -0.6804005956864015
555 -0.6804005956864015
556 -0.6804005956864015
557 -0.6804005956864015
558 -0.6804005956864015
559 -0.6804005956864015
560 -0.6804005956864015
561 -0.6804005956864015
562 -0.6804005956864015
563 -0.6804005956864015
564 -0.6804005956864015
565 -0.6804005956864015
566 -0.6804005956864015
567 -0.6804005956864015
568 -0.6804005956864015
569 -0.6804005956864015
570 -0.6804005956864015
571 -0.6804005956864015
572 -0.6804005956864015
573 -0.6804005956864015
574 -0.6804005956864015
575 -0.6804005956864015
576 -0.6804005956864015
577 -0.6804005956864015
578 -0.6804005956864015
579 -0.6804005956864015
580 -0.6804005956864015
581 -0.6804005956864015
582 -0.6804005956864015
583 -0.6804005956864015
584 -0.6804005956864015
585 -0.6804005956864015
586 -0.6804005956864015
587 -0.6804005956864015
588 -0.6804005956864015
589 -0.6804005956864015
590 -0.6804005956864015
591 -0.6804005956864015
592 -0.6804005956864015
593 -0.6804005956864015
594 -0.6804005956864015
595 -0.6804005956864015
596 -0.6804005956864015
597 -0.6804005956864015
598 -0.6804005956864015
599 -0.6804005956864015
600 -0.6804005956864015
601 -0.6804005956864015
602 -0.6804005956864015
603 -0.6804005956864015
604 -0.6804005956864015
605 -0.6804005956864015
606 -0.6804005956864015
607 -0.6804005956864015
608 -0.6804005956864015
609 -0.6804005956864015
610 -0.6804005956864015
611 -0.6804005956864015
612 -0.6804005956864015
613 -0.6804005956864015
614 -0.6804005956864015
615 -0.6804005956864015
616 -0.6804005956864015
617 -0.6804005956864015
618 -0.6804005956864015
619 -0.6804005956864015
620 -0.6804005956864015
621 -0.6804005956864015
622 -0.6804005956864015
623 -0.6804005956864015
624 -0.6804005956864015
625 -0.6804005956864015
626 -0.6804005956864015
627 -0.6804005956864015
628 -0.6804005956864015
629 -0.6804005956864015
630 -0.6804005956864015
631 -0.6804005956864015
632 -0.6804005956864015
633 -0.6804005956864015
634 -0.6804005956864015
635 -0.6804005956864015
636 -0.6804005956864015
637 -0.6804005956864015
638 -0.6804005956864015
639 -0.6804005956864015
640 -0.6804005956864015
641 -0.6804005956864015
642 -0.6804005956864015
643 -0.6804005956864015
644 -0.6804005956864015
645 -0.6804005956864015
646 -0.6804005956864015
647 -0.6804005956864015
648 -0.6804005956864015
649 -0.6804005956864015
650 -0.6804005956864015
651 -0.6804005956864015
652 -0.6804005956864015
653 -0.6804005956864015
654 -0.6804005956864015
655 -0.6804005956864015
656 -0.6804005956864015
657 -0.6804005956864015
658 -0.6804005956864015
659 -0.6804005956864015
660 -0.6804005956864015
661 -0.6804005956864015
662 -0.6804005956864015
663 -0.6804005956864015
664 -0.6804005956864015
665 -0.6804005956864015
666 -0.6804005956864015
667 -0.6804005956864015
668 -0.6804005956864015
669 -0.6804005956864015
670 -0.6804005956864015
671 -0.6804005956864015
672 -0.6804005956864015
673 -0.6804005956864015
674 -0.6804005956864015
675 -0.6804005956864015
676 -0.6804005956864015
677 -0.6804005956864015
678 -0.6804005956864015
679 -0.6804005956864015
680 -0.6804005956864015
681 -0.6804005956864015
682 -0.6804005956864015
683 -0.6804005956864015
684 -0.6804005956864015
685 -0.6804005956864015
686 -0.6804005956864015
687 -0.6804005956864015
688 -0.6804005956864015
689 -0.6804005956864015
690 -0.6804005956864015
691 -0.6804005956864015
692 -0.6804005956864015
693 -0.6804005956864015
694 -0.6804005956864015
695 -0.6804005956864015
696 -0.6804005956864015
697 -0.6804005956864015
698 -0.6804005956864015
699 -0.6804005956864015
700 -0.6804005956864015
701 -0.6804005956864015
702 -0.6804005956864015
703 -0.6804005956864015
704 -0.6804005956864015
705 -0.6804005956864015
706 -0.6804005956864015
707 -0.6804005956864015
708 -0.6804005956864015
709 -0.6804005956864015
710 -0.6804005956864015
711 -0.6804005956864015
712 -0.6804005956864015
713 -0.6804005956864015
714 -0.6804005956864015
715 -0.6804005956864015
716 -0.6804005956864015
717 -0.6804005956864015
718 -0.6804005956864015
719 -0.6804005956864015
720 -0.6804005956864015
721 -0.6804005956864015
722 -0.6804005956864015
723 -0.6804005956864015
724 -0.6804005956864015
725 -0.6804005956864015
726 -0.6804005956864015
727 -0.6804005956864015
728 -0.6804005956864015
729 -0.6804005956864015
730 -0.6804005956864015
731 -0.6804005956864015
732 -0.6804005956864015
733 -0.6804005956864015
734 -0.6804005956864015
735 -0.6804005956864015
736 -0.6804005956864015
737 -0.6804005956864015
738 -0.6804005956864015
739 -0.6804005956864015
740 -0.6804005956864015
741 -0.6804005956864015
742 -0.6804005956864015
743 -0.6804005956864015
744 -0.6804005956864015
745 -0.6804005956864015
746 -0.6804005956864015
747 -0.6804005956864015
748 -0.6804005956864015
749 -0.6804005956864015
750 -0.6804005956864015
751 -0.6804005956864015
752 -0.6804005956864015
753 -0.6804005956864015
754 -0.6804005956864015
755 -0.6804005956864015
756 -0.6804005956864015
757 -0.6804005956864015
758 -0.6804005956864015
759 -0.6804005956864015
760 -0.6804005956864015
761 -0.6804005956864015
762 -0.6804005956864015
763 -0.6804005956864015
764 -0.6804005956864015
765 -0.6804005956864015
766 -0.6804005956864015
767 -0.6804005956864015
768 -0.6804005956864015
769 -0.6804005956864015
770 -0.6804005956864015
771 -0.6804005956864015
772 -0.6804005956864015
773 -0.6804005956864015
774 -0.6804005956864015
775 -0.6804005956864015
776 -0.6804005956864015
777 -0.6804005956864015
778 -0.6804005956864015
779 -0.6804005956864015
780 -0.6804005956864015
781 -0.6804005956864015
782 -0.6804005956864015
783 -0.6804005956864015
784 -0.6804005956864015
785 -0.6804005956864015
786 -0.6804005956864015
787 -0.6804005956864015
788 -0.6804005956864015
789 -0.6804005956864015
790 -0.6804005956864015
791 -0.6804005956864015
792 -0.6804005956864015
793 -0.6804005956864015
794 -0.6804005956864015
795 -0.6804005956864015
796 -0.6804005956864015
797 -0.6804005956864015
798 -0.6804005956864015
799 -0.6804005956864015
800 -0.6804005956864015
801 -0.6804005956864015
802 -0.6804005956864015
803 -0.6804005956864015
804 -0.6804005956864015
805 -0.6804005956864015
806 -0.6804005956864015
807 -0.6804005956864015
808 -0.6804005956864015
809 -0.6804005956864015
810 -0.6804005956864015
811 -0.6804005956864015
812 -0.6804005956864015
813 -0.6804005956864015
814 -0.6804005956864015
815 -0.6804005956864015
816 -0.6804005956864015
817 -0.6804005956864015
818 -0.6804005956864015
819 -0.6804005956864015
820 -0.6804005956864015
821 -0.6804005956864015
822 -0.6804005956864015
823 -0.6804005956864015
824 -0.6804005956864015
825 -0.6804005956864015
826 -0.6804005956864015
827 -0.6804005956864015
828 -0.6804005956864015
829 -0.6804005956864015
830 -0.6804005956864015
831 -0.6804005956864015
832 -0.6804005956864015
833 -0.6804005956864015
834 -0.6804005956864015
835 -0.6804005956864015
836 -0.6804005956864015
837 -0.6804005956864015
838 -0.6804005956864015
839 -0.6804005956864015
840 -0.6804005956864015
841 -0.6804005956864015
842 -0.6804005956864015
843 -0.6804005956864015
844 -0.6804005956864015
845 -0.6804005956864015
846 -0.6804005956864015
847 -0.6804005956864015
848 -0.6804005956864015
849 -0.6804005956864015
850 -0.6804005956864015
851 -0.6804005956864015
852 -0.6804005956864015
853 -0.6804005956864015
854 -0.6804005956864015
855 -0.6804005956864015
856 -0.6804005956864015
857 -0.6804005956864015
858 -0.6804005956864015
859 -0.6804005956864015
860 -0.6804005956864015
861 -0.6804005956864015
862 -0.6804005956864015
863 -0.6804005956864015
864 -0.6804005956864015
865 -0.6804005956864015
866 -0.6804005956864015
867 -0.6804005956864015
868 -0.6804005956864015
869 -0.6804005956864015
870 -0.6804005956864015
871 -0.6804005956864015
872 -0.6804005956864015
873 -0.6804005956864015
874 -0.6804005956864015
875 -0.6804005956864015
876 -0.6804005956864015
877 -0.6804005956864015
878 -0.6804005956864015
879 -0.6804005956864015
880 -0.6804005956864015
881 -0.6804005956864015
882 -0.6804005956864015
883 -0.6804005956864015
884 -0.6804005956864015
885 -0.6804005956864015
886 -0.6804005956864015
887 -0.6804005956864015
888 -0.6804005956864015
889 -0.6804005956864015
890 -0.6804005956864015
891 -0.6804005956864015
892 -0.6804005956864015
893 -0.6804005956864015
894 -0.6804005956864015
895 -0.6804005956864015
896 -0.6804005956864015
897 -0.6804005956864015
898 -0.6804005956864015
899 -0.6804005956864015
900 -0.6804005956864015
901 -0.6804005956864015
902 -0.6804005956864015
903 -0.6804005956864015
904 -0.6804005956864015
905 -0.6804005956864015
906 -0.6804005956864015
907 -0.6804005956864015
908 -0.6804005956864015
909 -0.6804005956864015
910 -0.6804005956864015
911 -0.6804005956864015
912 -0.6804005956864015
913 -0.6804005956864015
914 -0.6804005956864015
915 -0.6804005956864015
916 -0.6804005956864015
917 -0.6804005956864015
918 -0.6804005956864015
919 -0.6804005956864015
920 -0.6804005956864015
921 -0.6804005956864015
922 -0.6804005956864015
923 -0.6804005956864015
924 -0.6804005956864015
925 -0.6804005956864015
926 -0.6804005956864015
927 -0.6804005956864015
928 -0.6804005956864015
929 -0.6804005956864015
930 -0.6804005956864015
931 -0.6804005956864015
932 -0.6804005956864015
933 -0.6804005956864015
934 -0.6804005956864015
935 -0.6804005956864015
936 -0.6804005956864015
937 -0.6804005956864015
938 -0.6804005956864015
939 -0.6804005956864015
940 -0.6804005956864015
941 -0.6804005956864015
942 -0.6804005956864015
943 -0.6804005956864015
944 -0.6804005956864015
945 -0.6804005956864015
946 -0.6804005956864015
947 -0.6804005956864015
948 -0.6804005956864015
949 -0.6804005956864015
950 -0.6804005956864015
951 -0.6804005956864015
952 -0.6804005956864015
953 -0.6804005956864015
954 -0.6804005956864015
955 -0.6804005956864015
956 -0.6804005956864015
957 -0.6804005956864015
958 -0.6804005956864015
959 -0.6804005956864015
960 -0.6804005956864015
961 -0.6804005956864015
962 -0.6804005956864015
963 -0.6804005956864015
964 -0.6804005956864015
965 -0.6804005956864015
966 -0.6804005956864015
967 -0.6804005956864015
968 -0.6804005956864015
969 -0.6804005956864015
970 -0.6804005956864015
971 -0.6804005956864015
972 -0.6804005956864015
973 -0.6804005956864015
974 -0.6804005956864015
975 -0.6804005956864015
976 -0.6804005956864015
977 -0.6804005956864015
978 -0.6804005956864015
979 -0.6804005956864015
980 -0.6804005956864015
981 -0.6804005956864015
982 -0.6804005956864015
983 -0.6804005956864015
984 -0.6804005956864015
985 -0.6804005956864015
986 -0.6804005956864015
987 -0.6804005956864015
988 -0.6804005956864015
989 -0.6804005956864015
990 -0.6804005956864015
991 -0.6804005956864015
992 -0.6804005956864015
993 -0.6804005956864015
994 -0.6804005956864015
995 -0.6804005956864015
996 -0.6804005956864015
997 -0.6804005956864015
998 -0.6804005956864015
999 -0.6804005956864015
