0 -0.027777777777777776
1 -0.030541944444444444
2 -0.08746119722222223
3 -0.27982563001203187
4 -0.3090921495319637
5 -0.33388890230974144
6 -0.3093065298097415
7 -0.378225714013225
8 -0.38263051929100284
9 -0.3934011980643383
10 -0.45943015293489875
11 -0.47845795527489876
12 -0.439997081985536
13 -0.5238088105975893
14 -0.5005100039327526
15 -0.5282877817105303
16 -0.5562766119378413
17 -0.5531850206358379
18 -0.5831034956358379
19 -0.552698531187193
20 -0.5230069894646441
21 -0.5551484794961762
22 -0.49895522670988623
23 -0.5247050455663788
24 -0.5511610755132856
25 -0.5338054233318903
26 -0.5547232575587994
27 -0.5041720517753681
28 -0.47538691165117847
29 -0.492322201969406
30 -0.45265761051250053
31 -0.4620145744452381
32 -0.4231631671844014
33 -0.4354832465428343
34 -0.41938643293943506
35 -0.3637480549325146
36 -0.354593014851628
37 -0.35055388044236113
38 -0.3033157831939792
39 -0.25130623850635897
40 -0.17811755824981795
41 -0.01465789594270507
42 -0.02832047477545506
43 -0.02151795979505599
44 0.053806447190381086
45 0.15248722625021804
46 0.2624548663806984
47 0.3029545734784384
48 0.2936416430836187
49 0.40957793786347846
50 0.4274189608840549
51 0.5102800873096683
52 0.5736975334335261
53 0.5917280058049569
54 0.5961944419726588
55 0.6060591663202808
56 0.6115206288064676
57 0.6312273760485395
58 0.6459938364920554
59 0.7891634919565076
60 0.9621740044151732
61 1.0847993370131521
62 1.1029006509817654
63 1.1070311702785869
64 1.1137343126031707
65 1.1211217412627004
66 1.1564757938336228
67 1.1793345196024356
68 1.1921510173080032
69 1.2328453940075184
70 1.2893712376978876
71 1.3144340684351565
72 1.380516036442003
73 1.4216578512683158
74 1.4463464311397127
75 1.4710719548616629
76 1.5149809780589765
77 1.5515326565722851
78 1.5505788555110933
79 1.5576637902884278
80 1.5721202093218059
81 1.6417393155199778
82 1.6500540925317138
83 1.6588539343602808
84 1.6699759190196979
85 1.6692805980460887
86 1.6790721703096068
87 1.7815088232551755
88 1.797828325639483
89 1.8114354936835229
90 1.943943942354934
91 2.017683710004656
92 2.0454418258076377
93 2.0956780384229226
94 2.095267458341216
95 2.1019939536478396
96 2.11012120373547
97 2.114346611572728
98 2.1341554061661423
99 2.133856093286578
100 2.1366678202546177
101 2.145351228799878
102 2.175237440231428
103 2.249683660312228
104 2.261525209380199
105 2.357684124840544
106 2.361789655718921
107 2.433079045887943
108 2.451190157593297
109 2.502276288467383
110 2.5336422626698845
111 2.5352529528996044
112 2.5738226640957294
113 2.588241954071282
114 2.588327242135176
115 2.6813764968144107
116 2.6972706205214636
117 2.7060419206507107
118 2.7158557158606915
119 2.756021080611061
120 2.757145426023048
121 2.7740041877664727
122 2.779578185379483
123 2.8296898547817375
124 2.8493840062814884
125 2.853840215447529
126 2.8670039016216533
127 2.8737276372941722
128 2.9264033336260407
129 2.932736346435228
130 2.9440268290068117
131 2.9487802206231732
132 2.9688294978416114
133 2.9690476969308137
134 2.988911573018341
135 2.991036756158787
136 2.991213497421041
137 3.010257293266865
138 3.0167116140875607
139 3.0298705948783757
140 3.044139957540532
141 3.059040187285819
142 3.0739409758391982
143 3.129215319621691
144 3.1408979145808282
145 3.144625349316395
146 3.148879299092997
147 3.1557446834000324
148 3.1578369645594773
149 3.1852547491789758
150 3.1845594282053664
151 3.1886612231180127
152 3.2034140056349636
153 3.221556799849471
154 3.2346792877136563
155 3.235526846516418
156 3.235070646425633
157 3.2358334493481173
158 3.241495386875786
159 3.286288596251025
160 3.2965645702242963
161 3.29662619609192
162 3.3027397179662823
163 3.3185524312322916
164 3.32494126883918
165 3.335455464075124
166 3.3493311289183274
167 3.373286854472081
168 3.4066223611625124
169 3.4068134632270572
170 3.4112813816170684
171 3.4384508519569903
172 3.4500468745775104
173 3.452139475280683
174 3.4530173665018933
175 3.454042783671582
176 3.46545369451247
177 3.491518186394287
178 3.4957752899126855
179 3.513765680389847
180 3.5171773227238234
181 3.5172816581624233
182 3.527294202852306
183 3.527270327728536
184 3.530800113526082
185 3.5323627218617575
186 3.5322583579138094
187 3.53342404429244
188 3.540015258391138
189 3.5401257185725443
190 3.540635996065197
191 3.5510177313750666
192 3.5581717155550217
193 3.5610939721382002
194 3.5612979244446956
195 3.5909828027651756
196 3.5967936583850335
197 3.598205887935891
198 3.6053259224304477
199 3.605433124261764
200 3.6102425354637315
201 3.612533666487647
202 3.622196844627629
203 3.6300329867979877
204 3.6300215674003016
205 3.6302368278409722
206 3.63555828508464
207 3.635658994247878
208 3.637941302304972
209 3.6391779151278496
210 3.6397637626701496
211 3.6412275563242744
212 3.6412192315833614
213 3.641712294187062
214 3.6417048019202403
215 3.6420265783579535
216 3.642435586986456
217 3.6494695265698294
218 3.651006216002253
219 3.652222739382089
220 3.6537199020657405
221 3.656957538826983
222 3.6646547526119377
223 3.6656807691042044
224 3.6694063573852542
225 3.670722727043298
226 3.673410268491958
227 3.673428056516336
228 3.6747530281284435
229 3.6865508188462304
230 3.6873632888347507
231 3.690152835534508
232 3.6938692717672015
233 3.69386529006943
234 3.6940010667906993
235 3.6944857511718507
236 3.695448563648758
237 3.696616842238429
238 3.696654731621581
239 3.696635392771328
240 3.7002844733231726
241 3.714051359323722
242 3.714772519856982
243 3.7149435704001323
244 3.716067288023235
245 3.716366571788375
246 3.7165319667519645
247 3.7167267245240274
248 3.7171155781594845
249 3.7181969163424307
250 3.721412533726018
251 3.721826532636245
252 3.723063455541924
253 3.7231895360323985
254 3.7231916520698443
255 3.7235660275198827
256 3.7235533393002314
257 3.7238126190500105
258 3.7238145234837114
259 3.7239034108633757
260 3.7253126882204466
261 3.7255221501585223
262 3.7291587504726897
263 3.7291781177574186
264 3.729234174254791
265 3.729876387038729
266 3.7298671373266026
267 3.7302140030306408
268 3.730513510706866
269 3.731216569572288
270 3.7312275476159664
271 3.731280433818818
272 3.732711053344836
273 3.7327368499465305
274 3.7332483924281967
275 3.7334000404787226
276 3.7367606723524935
277 3.736761583237229
278 3.7374674197462383
279 3.738596437830479
280 3.7387271686204833
281 3.738759750560944
282 3.7392169955377046
283 3.7410614019360215
284 3.7411499285177263
285 3.742228897794146
286 3.742360323861325
287 3.7426345592776653
288 3.7443858410675994
289 3.744775113454325
290 3.747036603807418
291 3.7473071945670537
292 3.747384898856809
293 3.7474230036844087
294 3.747586996567448
295 3.747754612648942
296 3.74775432680366
297 3.7477687026554745
298 3.7482894339037722
299 3.7487365245325117
