0 0.06083333333333333
1 0.06175
2 0.05847858333333335
3 -0.07643808333333332
4 -0.1490262825833334
5 -0.07455838039166673
6 -0.1197252340583334
7 -0.20274970296035838
8 -0.22392218363731586
9 -0.1717371836373158
10 -0.14482791241187512
11 -0.18151161873950014
12 -0.24099150453652995
13 0.016111630761484867
14 0.05201651329064811
15 0.13812747681331078
16 0.16755126941940313
17 0.6063002321614562
18 0.8450688670620217
19 0.8562762997378548
20 0.937466960393755
21 0.9088836270604218
22 0.9850849866583898
23 1.092950855300319
24 1.148175341745358
25 1.278476564542776
26 1.3507959966506355
27 1.490994339446927
28 1.6043731861807478
29 1.8608930057838744
30 2.0078457610902927
31 2.276845269389483
32 2.281278306511474
33 2.293004870935476
34 2.3750088744945472
35 2.4028444347703517
36 2.573430271842554
37 2.593554872896335
38 2.8591741181613792
39 2.9566423556522037
40 3.0501113888565716
41 3.0746524895027747
42 3.1182856381933033
43 3.1201080114789224
44 3.134130191496251
45 3.21703998629527
46 3.2305803196155836
47 3.247957108391346
48 3.2498506582182167
49 3.249883240060288
