0 -0.033000000000000015
1 -0.6701035250249998
2 0.076678124975
3 1.61226870695955
4 1.812029078928427
5 2.146799698396968
6 3.3526800341559975
7 3.479673553661935
8 3.69899146226425
9 3.843852485286947
10 3.881232495028124
11 3.6318378194822767
12 3.631837844482276
13 3.6318378469822767
14 3.635439581876482
15 3.635439604626435
16 3.7462477322771486
17 3.7483317143119574
18 3.7483809368619125
19 3.7483809368646357
20 3.764400683313349
21 3.739485119138622
22 3.745119125431533
23 3.7451191277246654
24 3.753342966788849
25 3.7574770253176513
26 3.757506642186667
27 3.75750708966468
28 3.757797266365797
29 3.7577973241798586
30 3.757797324447831
31 3.7577973047036672
32 3.7598919499442025
33 3.762231348713036
34 3.7622313487631605
35 3.762232313165096
36 3.762232313165096
37 3.7642404960090334
38 3.765227411837086
39 3.765227411837086
40 3.7652659903742998
41 3.7652659903743486
42 3.7652659904670664
43 3.76526599047897
44 3.76705650908676
45 3.7672355516896463
46 3.7672355517048044
47 3.767235589137436
48 3.767235589137571
49 3.7672555349839083
50 3.7672555349589083
51 3.7672555349589083
52 3.7672555349588865
53 3.767255534958884
54 3.767255554654366
55 3.7672555546543673
56 3.7672555546543673
57 3.767255555286594
58 3.767255555286594
59 3.7672555555286595
60 3.7672555555286595
61 3.7672555555286595
62 3.7672555555286595
63 3.7672555555286342
64 3.7672555555286342
65 3.7672555555286342
66 3.767255555528632
67 3.767255555528632
68 3.767255555528632
69 3.767255555528632
70 3.767255555528632
71 3.767255555528632
72 3.767255555528632
73 3.767255555528632
74 3.767255555528632
75 3.767255555528632
76 3.767255555528632
77 3.767255555528632
78 3.767255555535657
79 3.767255555535657
80 3.767255555535657
81 3.767255555535657
82 3.767255555535657
83 3.767255555535657
84 3.767255555535657
85 3.767255555535657
86 3.767255555535657
87 3.767255555535657
88 3.767255555535657
89 3.767255555535657
90 3.767255555535657
91 3.767255555535657
92 3.767255555535657
93 3.767255555535657
94 3.767255555535657
95 3.7672555555555354
96 3.7672555555555354
97 3.7672555555555354
98 3.7672555555555354
99 3.7672555555555354
100 3.7672555555555354
101 3.7672555555555354
102 3.7672555555555354
103 3.7672555555555354
104 3.7672555555555354
105 3.7672555555555354
106 3.7672555555555554
107 3.7672555555555554
108 3.7672555555555554
109 3.7672555555555554
110 3.7672555555555554
111 3.7672555555555554
112 3.7672555555555554
113 3.7672555555555554
114 3.7672555555555554
115 3.7672555555555554
116 3.7672555555555554
117 3.7672555555555554
118 3.7672555555555554
119 3.7672555555555554
120 3.7672555555555554
121 3.7672555555555554
122 3.7672555555555554
123 3.7672555555555554
124 3.7672555555555554
125 3.7672555555555554
126 3.7672555555555554
127 3.7672555555555554
128 3.7672555555555554
129 3.7672555555555554
130 3.7672555555555554
131 3.7672555555555554
132 3.7672555555555554
133 3.7672555555555554
134 3.7672555555555554
135 3.7672555555555554
136 3.7672555555555554
137 3.7672555555555554
138 3.7672555555555554
139 3.7672555555555554
140 3.7672555555555554
141 3.7672555555555554
142 3.7672555555555554
143 3.7672555555555554
144 3.7672555555555554
145 3.7672555555555554
146 3.7672555555555554
147 3.7672555555555554
148 3.7672555555555554
149 3.7672555555555554
150 3.7672555555555554
151 3.7672555555555554
152 3.7672555555555554
153 3.7672555555555554
154 3.7672555555555554
155 3.7672555555555554
156 3.7672555555555554
157 3.7672555555555554
158 3.7672555555555554
159 3.7672555555555554
160 3.7672555555555554
161 3.7672555555555554
162 3.7672555555555554
163 3.7672555555555554
164 3.7672555555555554
165 3.7672555555555554
166 3.7672555555555554
167 3.7672555555555554
168 3.7672555555555554
169 3.7672555555555554
170 3.7672555555555554
171 3.7672555555555554
172 3.7672555555555554
173 3.7672555555555554
174 3.7672555555555554
175 3.7672555555555554
176 3.7672555555555554
177 3.7672555555555554
178 3.7672555555555554
179 3.7672555555555554
180 3.7672555555555554
181 3.7672555555555554
182 3.7672555555555554
183 3.7672555555555554
184 3.7672555555555554
185 3.7672555555555554
186 3.7672555555555554
187 3.7672555555555554
188 3.7672555555555554
189 3.7672555555555554
190 3.7672555555555554
191 3.7672555555555554
192 3.7672555555555554
193 3.7672555555555554
194 3.7672555555555554
195 3.7672555555555554
196 3.7672555555555554
197 3.7672555555555554
198 3.7672555555555554
199 3.7672555555555554
200 3.7672555555555554
201 3.7672555555555554
202 3.7672555555555554
203 3.7672555555555554
204 3.7672555555555554
205 3.7672555555555554
206 3.7672555555555554
207 3.7672555555555554
208 3.7672555555555554
209 3.7672555555555554
210 3.7672555555555554
211 3.7672555555555554
212 3.7672555555555554
213 3.7672555555555554
214 3.7672555555555554
215 3.7672555555555554
216 3.7672555555555554
217 3.7672555555555554
218 3.7672555555555554
219 3.7672555555555554
220 3.7672555555555554
221 3.7672555555555554
222 3.7672555555555554
223 3.7672555555555554
224 3.7672555555555554
225 3.7672555555555554
226 3.7672555555555554
227 3.7672555555555554
228 3.7672555555555554
229 3.7672555555555554
230 3.7672555555555554
231 3.7672555555555554
232 3.7672555555555554
233 3.7672555555555554
234 3.7672555555555554
235 3.7672555555555554
236 3.7672555555555554
237 3.7672555555555554
238 3.7672555555555554
239 3.7672555555555554
240 3.7672555555555554
241 3.7672555555555554
242 3.7672555555555554
243 3.7672555555555554
244 3.7672555555555554
245 3.7672555555555554
246 3.7672555555555554
247 3.7672555555555554
248 3.7672555555555554
249 3.7672555555555554
250 3.7672555555555554
251 3.7672555555555554
252 3.7672555555555554
253 3.7672555555555554
254 3.7672555555555554
255 3.7672555555555554
256 3.7672555555555554
257 3.7672555555555554
258 3.7672555555555554
259 3.7672555555555554
260 3.7672555555555554
261 3.7672555555555554
262 3.7672555555555554
263 3.7672555555555554
264 3.7672555555555554
265 3.7672555555555554
266 3.7672555555555554
267 3.7672555555555554
268 3.7672555555555554
269 3.7672555555555554
270 3.7672555555555554
271 3.7672555555555554
272 3.7672555555555554
273 3.7672555555555554
274 3.7672555555555554
275 3.7672555555555554
276 3.7672555555555554
277 3.7672555555555554
278 3.7672555555555554
279 3.7672555555555554
280 3.7672555555555554
281 3.7672555555555554
282 3.7672555555555554
283 3.7672555555555554
284 3.7672555555555554
285 3.7672555555555554
286 3.7672555555555554
287 3.7672555555555554
288 3.7672555555555554
289 3.7672555555555554
290 3.7672555555555554
291 3.7672555555555554
292 3.7672555555555554
293 3.7672555555555554
294 3.7672555555555554
295 3.7672555555555554
296 3.7672555555555554
297 3.7672555555555554
298 3.7672555555555554
299 3.7672555555555554
