0 -0.06756756756756757
1 -0.2075591216216216
2 -0.18391047297297297
3 -0.28757904877533785
4 -0.2273869344350454
5 -0.2403620188945049
6 -0.4134273694012617
7 -0.4470084504823427
8 -0.47091047750936976
9 -0.5046942612931535
10 -0.6359864910228833
11 -0.6811082710059914
12 -0.7460813403980151
13 -0.7313178268845018
14 -0.795908198506123
15 -0.8239413488439611
16 -1.40289832280784
17 -1.3587493574362184
18 -1.191953790927642
19 -1.254414049294649
20 -1.2183489569501071
21 -1.6246608450682176
22 -1.4713014773625375
23 -1.3734689453562416
24 -1.3859800511153209
25 -1.3789470855325505
26 -1.3431219272257073
27 -1.3432538951311128
28 -1.4566448363804576
29 -1.4768500870655343
30 -1.33487729463205
31 -1.1997700454113953
32 -1.3518855198458086
33 -1.4569274972027078
34 -1.512509467891096
35 -1.6062232802894882
36 -1.6860638399882169
37 -1.6805833466840956
38 -1.6260700030792599
39 -1.4276981066298788
40 -1.3383821822194455
41 -1.2012642304578245
42 -1.198409446590314
43 -1.1953631518202301
44 -1.173871590755381
45 -1.181830947239665
46 -1.2238774595442279
47 -1.2238939555324035
48 -1.2013118568679393
49 -1.1801194701172801
50 -1.1847069308186322
51 -1.1871611767540209
52 -1.1854845047577107
53 -1.181353483143298
54 -1.16064223249222
55 -1.2018899220957024
56 -1.194377612050949
57 -1.143750811489501
58 -1.1528300909051472
59 -1.147511223051692
60 -1.1223259668482461
61 -1.1219473839196143
62 -1.0908817991951738
63 -1.0899904510063996
64 -1.0924782321188478
65 -0.9943842043786341
66 -0.9896976285103841
67 -0.9637355687288522
68 -0.9438661873205563
69 -0.942639881157232
70 -0.9393620701189986
71 -0.9332498135824899
72 -0.9607114343784368
73 -0.9613944593789314
74 -0.9148841715517622
75 -0.9198779374257943
76 -0.9210864533895364
77 -0.9181504401249172
78 -0.9257367831568402
79 -0.816826600257439
80 -0.8348882192355251
81 -0.8344939821841431
82 -0.8286958607825252
83 -0.8274186163661619
84 -0.8250500537336034
85 -0.8238564960818197
86 -0.7799614473586675
87 -0.7787228426807814
88 -0.7780952757444449
89 -0.7773738477310045
90 -0.7773738487378398
91 -0.7359486178973735
92 -0.7355001378388399
93 -0.7425026310352882
94 -0.7399316436652793
95 -0.7397828218468873
96 -0.7397828219727417
97 -0.7670365369475036
98 -0.7667108681355966
99 -0.7758092488929353
100 -0.7563544963305144
101 -0.7562379343420106
102 -0.7644124482883025
103 -0.7713399968759009
104 -0.7714703142981906
105 -0.7778102457612395
106 -0.7775370279857794
107 -0.7775370280015113
108 -0.7940809442122391
109 -0.7912323016645691
110 -0.7911673747883772
111 -0.7911362996955583
112 -0.7808317041252437
113 -0.7808127559278961
114 -0.7500711897178278
115 -0.7230183079068692
116 -0.7223309998252327
117 -0.7192838278899131
118 -0.7288845886919294
119 -0.7280376880722496
120 -0.7252402574311445
121 -0.7406378668773522
122 -0.7405477373964313
123 -0.7241007290162974
124 -0.7378861806610608
125 -0.739994674164774
126 -0.7514700014836447
127 -0.7241299839989407
128 -0.7241059309810642
129 -0.7240605371781098
130 -0.7275917920222873
131 -0.7293070001806827
132 -0.7295433585151506
133 -0.7051866071596783
134 -0.7009582285214012
135 -0.7009523668040079
136 -0.7009517170971217
137 -0.7009510981330109
138 -0.6920974627267914
139 -0.6915345236703319
140 -0.6915337180713482
141 -0.6899243711889924
142 -0.6694150826842554
143 -0.6714686198068386
144 -0.6721267563265404
145 -0.6721072318537533
146 -0.6866895948442746
147 -0.6866370727353351
148 -0.6854595495191971
149 -0.6891250570024907
150 -0.6977589208226351
151 -0.6970237359885872
152 -0.715312187746274
153 -0.7113125684847369
154 -0.7112219511879987
155 -0.7070806402956952
156 -0.7133825352435575
157 -0.7133786732194615
158 -0.7218361396237563
159 -0.721835882531233
160 -0.7232029269121356
161 -0.7045910939833401
162 -0.7083554705043786
163 -0.7083540092034846
164 -0.7083433711623935
165 -0.7056028687276328
166 -0.7056020199497745
167 -0.7241467385176332
168 -0.7260100415088206
169 -0.7260063779205872
170 -0.728388829121587
171 -0.7296287765643402
172 -0.7313134967392901
173 -0.731006618215616
174 -0.7310048858670678
175 -0.7315483763310695
176 -0.731332785118251
177 -0.7314627964730547
178 -0.7314646422596338
179 -0.731464632282439
180 -0.7314700043233526
181 -0.7313699967691117
182 -0.7175369062275966
183 -0.7175339180273166
184 -0.7175337660081232
185 -0.7135273557024662
186 -0.7135334827895047
187 -0.7135259294228752
188 -0.7135252937159908
189 -0.7136032357715766
190 -0.7121065666774076
191 -0.7121060667291752
192 -0.7102808828428421
193 -0.710243300510718
194 -0.7102407415785191
195 -0.7009697864479574
196 -0.700969828617014
197 -0.6896115883499471
198 -0.6895211363145153
199 -0.6895211524238787
200 -0.6846464868783524
201 -0.6846464796580054
202 -0.6846451568446614
203 -0.6846543877952794
204 -0.6846543857816091
205 -0.6832997611222942
206 -0.6832983160517034
207 -0.683298120625865
208 -0.6832974656463595
209 -0.6832965833838236
210 -0.6832934627192829
211 -0.6818147726102375
212 -0.6818147179994163
213 -0.6818147696920603
214 -0.6818147557865084
215 -0.6817628661129337
216 -0.6817627909028036
217 -0.681762762347423
218 -0.681762666612054
219 -0.6817625416075583
220 -0.6817625194060088
221 -0.6817624778406423
222 -0.68176242992555
223 -0.6817621967987146
224 -0.6817621627931436
225 -0.6817621617552792
226 -0.6817626769180372
227 -0.6817626671476559
228 -0.6817624676539946
229 -0.6817623969079721
230 -0.6809701179896662
231 -0.6809700902138796
232 -0.6809700902138796
233 -0.680924874494925
234 -0.6809248735883374
235 -0.6809248264768879
236 -0.680924820162081
237 -0.6809247891454933
238 -0.6809247396888202
239 -0.6809247396809542
240 -0.6809010654170808
241 -0.6808980765834572
242 -0.6808980765682869
243 -0.6808980752221072
244 -0.6808980630258372
245 -0.680898127463291
246 -0.680898010225147
247 -0.6808980102249012
248 -0.6808968737654179
249 -0.6808968729478587
250 -0.6806901789427221
251 -0.6806901701333706
252 -0.6806901598267152
253 -0.680690159736065
254 -0.6806901592846192
255 -0.6806901537486769
256 -0.6806901382520679
257 -0.6806901093575188
258 -0.6806900255246223
259 -0.6806899708433093
260 -0.6806899642606193
261 -0.6806899523354243
262 -0.6806899382266618
263 -0.6806899333405543
264 -0.68068993222299
265 -0.6806486206587667
266 -0.6806486203323592
267 -0.6806344978750033
268 -0.6806344978748969
269 -0.6806344978172565
270 -0.6806344863443894
271 -0.6806066202059685
272 -0.6806066183367925
273 -0.6806066180060778
274 -0.6806066176945214
275 -0.6806066165590787
276 -0.6806066164059199
277 -0.6806066139610898
278 -0.6806065876450857
279 -0.6806065876270345
280 -0.6806065875169554
281 -0.6806065875165033
282 -0.6806065643294247
283 -0.6806065643290655
284 -0.6806065643290579
285 -0.6806065590395354
286 -0.68060083456304
287 -0.680600818094411
288 -0.6806008179779953
289 -0.6806008179769099
290 -0.6806008179015505
291 -0.6806008176874194
292 -0.680600815861998
293 -0.6806008158619962
294 -0.6805338799378353
295 -0.6805338800636898
296 -0.6805338800636879
297 -0.680530821948851
298 -0.680530820623158
299 -0.6805308206081889
300 -0.6805308160068647
301 -0.6805308160065647
302 -0.6805294023289644
303 -0.680510213588427
304 -0.6804841266686001
305 -0.6804841256019478
306 -0.6804841253116394
307 -0.6804841253116389
308 -0.6804841252839899
309 -0.6804841252129455
310 -0.680484125043036
311 -0.6804841249277545
312 -0.6804841249159026
313 -0.6804841248653911
314 -0.6804841248578842
315 -0.6804841248026334
316 -0.6804841247443334
317 -0.6804841164007763
318 -0.6804841163670864
319 -0.6804841163552531
320 -0.680484116363119
321 -0.6804839852885058
322 -0.6804774226486713
323 -0.6804770237597949
324 -0.6804770237524089
325 -0.680477023742478
326 -0.6804770237296079
327 -0.6804770237051192
328 -0.6804770237046255
329 -0.6804770236962053
330 -0.6804770236858481
331 -0.6804767914324701
332 -0.6804767914276244
333 -0.6804767914218391
334 -0.6804767914217615
335 -0.6804767914214719
336 -0.6804738330493082
337 -0.6804738330485308
338 -0.6804738330359605
339 -0.680473833035853
340 -0.6804738330346092
341 -0.6804738330342852
342 -0.6804738330340321
343 -0.6804637955593013
344 -0.6804623728540751
345 -0.6804623728526187
346 -0.6804623728519967
347 -0.6804623728519602
348 -0.6804623728514376
349 -0.6804623728514376
350 -0.680462372850732
351 -0.6804613488751947
352 -0.6804533224787804
353 -0.680453322448739
354 -0.6804533224481576
355 -0.6804533224480013
356 -0.6804520677557941
357 -0.6804520677554842
358 -0.6804520677547419
359 -0.6804520677547162
360 -0.6804520677542016
361 -0.6804520677487229
362 -0.6804520668095819
363 -0.6804520668092616
364 -0.6804303379755784
365 -0.6804303379755291
366 -0.6804303379754503
367 -0.6804203572275923
368 -0.680420357227366
369 -0.6804203572257204
370 -0.6804203572257086
371 -0.680420357225646
372 -0.6804203572256418
373 -0.6804203168004399
374 -0.6804203168004322
375 -0.680420316800431
376 -0.680405290517901
377 -0.6804051799563867
378 -0.6804051799563671
379 -0.6804051797526436
380 -0.6804051797526097
381 -0.6804051797525084
382 -0.6804051797524509
383 -0.6804042816133946
384 -0.6804042816133304
385 -0.6804042816132392
386 -0.6804042816132375
387 -0.6804042816131957
388 -0.680404281613186
389 -0.6804042584957949
390 -0.6804042584957941
391 -0.6804042584957922
392 -0.680404258495787
393 -0.6804028537410078
394 -0.6804028537409911
395 -0.6804028537409834
396 -0.680402853740956
397 -0.680402853740956
398 -0.6804028537409544
399 -0.6804028537409502
400 -0.6804028537409502
401 -0.6804028416495224
402 -0.6804028355688787
403 -0.6804028355688787
404 -0.6804028355688679
405 -0.6804028355688508
406 -0.6804028355688277
407 -0.6804028355687823
408 -0.6804028355687766
409 -0.680402835568773
410 -0.680402835568773
411 -0.6804028355687285
412 -0.6804028355681392
413 -0.6804028355681018
414 -0.6804014002862356
415 -0.6804014002862327
416 -0.6804014002862327
417 -0.6804014002862321
418 -0.6804014002862311
419 -0.6804014002862311
420 -0.6804014002862206
421 -0.68040140028622
422 -0.6804014002862034
423 -0.6804014002861983
424 -0.6804014002861937
425 -0.6804014002861887
426 -0.6804014001105645
427 -0.680401388418379
428 -0.680401388418375
429 -0.6804013884183716
430 -0.6804013884183711
431 -0.6804013884183682
432 -0.6804013884183672
433 -0.6804013884183672
434 -0.6804013884183672
435 -0.6804013884183651
436 -0.6804013884182956
437 -0.6804009225887264
438 -0.6804009225887264
439 -0.6804008666505215
440 -0.6804008666505215
441 -0.6804008666505174
442 -0.6804008666505158
443 -0.6804008666505055
444 -0.6804008666505055
445 -0.6804008666505055
446 -0.6804008666505027
447 -0.6804008666505027
448 -0.6804008666489775
449 -0.680400866648975
450 -0.6804008666489747
451 -0.6804008666489729
452 -0.680400866606857
453 -0.6804008646987297
454 -0.6804008646987294
455 -0.6804008646987288
456 -0.6804008646987288
457 -0.6804008646987327
458 -0.6804008646987325
459 -0.6804008646987325
460 -0.680400862844042
461 -0.680400862844042
462 -0.6804008186586198
463 -0.6804008186586198
464 -0.6804008186586198
465 -0.6804008186586189
466 -0.6804008186586177
467 -0.6804008186586177
468 -0.6804008186586177
469 -0.6804008186586177
470 -0.6804008186586177
471 -0.6804006566998314
472 -0.6804006566998314
473 -0.6804006566998314
474 -0.6804006566998314
475 -0.6804006566998314
476 -0.6804006566998352
477 -0.6804006566998352
478 -0.6804006566998348
479 -0.6804006566998347
480 -0.6804006566998347
481 -0.6804006566998345
482 -0.6804006566998345
483 -0.6804006566998345
484 -0.680400655849807
485 -0.680400655849807
486 -0.680400655849807
487 -0.680400655849807
488 -0.680400655849807
489 -0.680400655849807
490 -0.680400655849807
491 -0.680400655849807
492 -0.680400655849807
493 -0.680400655849807
494 -0.680400655849807
495 -0.680400655849807
496 -0.680400655849807
497 -0.6804006266095768
498 -0.6804006266095768
499 -0.6804006266095768
500 -0.6804006266095768
501 -0.6804006266095768
502 -0.6804006266095768
503 -0.6804006266095768
504 -0.6804006266095768
505 -0.6804006266095768
506 -0.6804006266095768
507 -0.6804006266095768
508 -0.6804006266095768
509 -0.6804006266095768
510 -0.6804006266095768
511 -0.6804006266095768
512 -0.6804006266095768
513 -0.6804006266095768
514 -0.6804006266095768
515 -0.6804006266095768
516 -0.6804006266095768
517 -0.6804006266095768
518 -0.6804006266095768
519 -0.6804006266095768
520 -0.6804006266095768
521 -0.6804006266095768
522 -0.6804006266095768
523 -0.6804006266095768
524 -0.6804006266095768
525 -0.6804006266095768
526 -0.6804006266095768
527 -0.6804006266095757
528 -0.6804006266095757
529 -0.6804006266095757
530 -0.6804006266095757
531 -0.6804006266095757
532 -0.6804006266095757
533 -0.6804006266095757
534 -0.6804006266095757
535 -0.6804006266095757
536 -0.6804006266095757
537 -0.6804006266095757
538 -0.6804006266095757
539 -0.6804006266095757
540 -0.6804006266095757
541 -0.680400624678742
542 -0.680400624678742
543 -0.6804006043046396
544 -0.6804006042744051
545 -0.6804005992647862
546 -0.6804005992647862
547 -0.6804005992647862
548 -0.6804005992647862
549 -0.6804005992647862
550 -0.6804005992634257
551 -0.6804005992634257
552 -0.6804005992634257
553 -0.6804005992634257
554 -0.6804005992634257
555 -0.6804005992634257
556 -0.6804005992484601
557 -0.6804005992484601
558 -0.6804005992482097
559 -0.6804005985919859
560 -0.6804005985915895
561 -0.6804005985915895
562 -0.6804005977026185
563 -0.6804005977026185
564 -0.6804005977026185
565 -0.6804005977026185
566 -0.6804005974772857
567 -0.6804005974772857
568 -0.6804005974525912
569 -0.6804005974525912
570 -0.6804005974525912
571 -0.6804005974525912
572 -0.6804005974525912
573 -0.6804005974525912
574 -0.6804005974525912
575 -0.6804005974525912
576 -0.6804005974525912
577 -0.6804005974525912
578 -0.6804005974525912
579 -0.6804005974525912
580 -0.6804005970810505
581 -0.6804005970810505
582 -0.6804005970810505
583 -0.6804005970810505
584 -0.6804005970810505
585 -0.6804005970810505
586 -0.6804005970810505
587 -0.680400597015005
588 -0.680400597015005
589 -0.680400597015005
590 -0.680400597015005
591 -0.680400597015005
592 -0.680400597015005
593 -0.680400597015005
594 -0.680400597015005
595 -0.680400597015005
596 -0.680400597015005
597 -0.6804005969918344
598 -0.6804005969918344
599 -0.6804005969918344
600 -0.6804005964829187
601 -0.6804005964829187
602 -0.6804005964829187
603 -0.6804005964829187
604 -0.6804005964829187
605 -0.6804005964829187
606 -0.6804005964829187
607 -0.6804005964829187
608 -0.6804005964326255
609 -0.6804005964326255
610 -0.6804005962657584
611 -0.6804005962657584
612 -0.6804005962657584
613 -0.6804005962657584
614 -0.6804005962287665
615 -0.6804005958675279
616 -0.6804005958675279
617 -0.6804005958674347
618 -0.6804005958674347
619 -0.6804005958674347
620 -0.6804005958674347
621 -0.6804005958674347
622 -0.6804005958674347
623 -0.6804005958674347
624 -0.6804005958674347
625 -0.6804005958674347
626 -0.6804005958668092
627 -0.6804005957772501
628 -0.6804005957772501
629 -0.6804005957772501
630 -0.6804005957772501
631 -0.6804005957772501
632 -0.6804005957772501
633 -0.6804005957772501
634 -0.6804005957772501
635 -0.6804005957772501
636 -0.6804005957613213
637 -0.6804005957613213
638 -0.6804005957613213
639 -0.6804005957613213
640 -0.6804005957610588
641 -0.6804005957610588
642 -0.6804005957610588
643 -0.6804005957610588
644 -0.6804005957610588
645 -0.6804005957610588
646 -0.680400595749926
647 -0.680400595749926
648 -0.680400595749926
649 -0.680400595749926
650 -0.680400595749926
651 -0.680400595749926
652 -0.680400595749926
653 -0.680400595749926
654 -0.6804005957498228
655 -0.6804005957495394
656 -0.6804005957495394
657 -0.6804005957495394
658 -0.6804005957495394
659 -0.6804005957475752
660 -0.6804005957475752
661 -0.6804005957475752
662 -0.6804005957433887
663 -0.6804005957161866
664 -0.6804005957161866
665 -0.6804005957161866
666 -0.6804005957161866
667 -0.6804005957160968
668 -0.6804005957160968
669 -0.680400595701464
670 -0.680400595701464
671 -0.6804005956941626
672 -0.6804005956890643
673 -0.6804005956890249
674 -0.6804005956890249
675 -0.6804005956890249
676 -0.6804005956890249
677 -0.6804005956887774
678 -0.6804005956887774
679 -0.6804005956887774
680 -0.6804005956887774
681 -0.6804005956887774
682 -0.6804005956886975
683 -0.6804005956886572
684 -0.6804005956886572
685 -0.6804005956876606
686 -0.6804005956876606
687 -0.6804005956876606
688 -0.6804005956870083
689 -0.6804005956870083
690 -0.6804005956870083
691 -0.6804005956870083
692 -0.6804005956870083
693 -0.6804005956870083
694 -0.6804005956870083
695 -0.6804005956870083
696 -0.6804005956870083
697 -0.6804005956870083
698 -0.6804005956870083
699 -0.6804005956870083
700 -0.6804005956870083
701 -0.6804005956870083
702 -0.6804005956870083
703 -0.6804005956870003
704 -0.6804005956868122
705 -0.6804005956868122
706 -0.6804005956868122
707 -0.6804005956867761
708 -0.6804005956867761
709 -0.6804005956866941
710 -0.6804005956866941
711 -0.6804005956866941
712 -0.68040059568665
713 -0.68040059568665
714 -0.68040059568665
715 -0.68040059568665
716 -0.68040059568665
717 -0.6804005956865887
718 -0.6804005956865885
719 -0.6804005956865885
720 -0.6804005956865885
721 -0.6804005956865885
722 -0.6804005956865885
723 -0.6804005956865885
724 -0.6804005956865885
725 -0.6804005956865434
726 -0.6804005956865434
727 -0.6804005956865434
728 -0.6804005956865434
729 -0.6804005956865434
730 -0.680400595686489
731 -0.680400595686489
732 -0.680400595686489
733 -0.680400595686489
734 -0.680400595686489
735 -0.680400595686489
736 -0.680400595686489
737 -0.680400595686489
738 -0.680400595686489
739 -0.680400595686489
740 -0.680400595686489
741 -0.680400595686489
742 -0.680400595686489
743 -0.680400595686489
744 -0.680400595686489
745 -0.6804005956864856
746 -0.6804005956864856
747 -0.6804005956864856
748 -0.6804005956864856
749 -0.6804005956864856
750 -0.680400595686479
751 -0.680400595686479
752 -0.680400595686479
753 -0.6804005956864769
754 -0.6804005956864719
755 -0.6804005956864719
756 -0.6804005956864719
757 -0.6804005956864719
758 -0.6804005956864719
759 -0.6804005956864719
760 -0.6804005956864719
761 -0.6804005956864719
762 -0.6804005956864719
763 -0.6804005956864719
764 -0.6804005956864712
765 -0.6804005956864712
766 -0.6804005956864712
767 -0.6804005956864712
768 -0.6804005956864712
769 -0.6804005956864712
770 -0.6804005956864695
771 -0.6804005956864658
772 -0.6804005956864658
773 -0.6804005956864658
774 -0.6804005956864658
775 -0.6804005956864351
776 -0.6804005956864351
777 -0.6804005956864209
778 -0.6804005956864209
779 -0.6804005956864105
780 -0.6804005956864105
781 -0.6804005956864093
782 -0.6804005956864093
783 -0.6804005956864061
784 -0.6804005956864061
785 -0.6804005956864061
786 -0.6804005956864061
787 -0.6804005956864061
788 -0.6804005956864061
789 -0.6804005956864061
790 -0.6804005956864059
791 -0.6804005956864059
792 -0.6804005956864059
793 -0.6804005956864059
794 -0.6804005956864059
795 -0.6804005956864059
796 -0.6804005956864059
797 -0.6804005956864059
798 -0.6804005956864059
799 -0.6804005956864059
800 -0.6804005956864059
801 -0.6804005956864059
802 -0.6804005956864059
803 -0.6804005956864059
804 -0.6804005956864059
805 -0.6804005956864059
806 -0.6804005956864059
807 -0.6804005956864059
808 -0.6804005956864059
809 -0.6804005956864059
810 -0.6804005956864059
811 -0.6804005956864059
812 -0.6804005956864059
813 -0.6804005956864059
814 -0.6804005956864059
815 -0.6804005956864059
816 -0.6804005956864059
817 -0.6804005956864059
818 -0.6804005956864059
819 -0.6804005956864059
820 -0.6804005956864059
821 -0.6804005956864059
822 -0.6804005956864059
823 -0.6804005956864059
824 -0.6804005956864059
825 -0.6804005956864059
826 -0.6804005956864059
827 -0.6804005956864059
828 -0.6804005956864059
829 -0.6804005956864059
830 -0.6804005956864051
831 -0.6804005956864051
832 -0.680400595686405
833 -0.680400595686405
834 -0.680400595686405
835 -0.680400595686405
836 -0.680400595686405
837 -0.680400595686405
838 -0.680400595686405
839 -0.680400595686405
840 -0.680400595686405
841 -0.680400595686405
842 -0.680400595686405
843 -0.680400595686405
844 -0.680400595686405
845 -0.680400595686405
846 -0.6804005956864043
847 -0.6804005956864043
848 -0.6804005956864043
849 -0.6804005956864043
850 -0.680400595686404
851 -0.680400595686404
852 -0.680400595686404
853 -0.680400595686404
854 -0.680400595686404
855 -0.680400595686404
856 -0.680400595686404
857 -0.680400595686404
858 -0.680400595686404
859 -0.680400595686404
860 -0.680400595686404
861 -0.680400595686404
862 -0.680400595686404
863 -0.680400595686404
864 -0.680400595686404
865 -0.680400595686404
866 -0.680400595686404
867 -0.680400595686404
868 -0.680400595686404
869 -0.680400595686404
870 -0.680400595686404
871 -0.680400595686404
872 -0.680400595686404
873 -0.680400595686404
874 -0.680400595686404
875 -0.680400595686404
876 -0.680400595686404
877 -0.680400595686404
878 -0.680400595686404
879 -0.680400595686404
880 -0.680400595686404
881 -0.680400595686404
882 -0.680400595686404
883 -0.680400595686404
884 -0.680400595686404
885 -0.680400595686404
886 -0.680400595686404
887 -0.680400595686404
888 -0.680400595686404
889 -0.680400595686404
890 -0.680400595686404
891 -0.680400595686404
892 -0.680400595686404
893 -0.680400595686404
894 -0.680400595686404
895 -0.680400595686404
896 -0.680400595686404
897 -0.680400595686404
898 -0.680400595686404
899 -0.680400595686404
900 -0.680400595686404
901 -0.680400595686404
902 -0.680400595686404
903 -0.680400595686404
904 -0.680400595686404
905 -0.680400595686404
906 -0.680400595686404
907 -0.680400595686404
908 -0.680400595686404
909 -0.680400595686404
910 -0.680400595686404
911 -0.680400595686404
912 -0.680400595686404
913 -0.680400595686404
914 -0.680400595686404
915 -0.680400595686404
916 -0.680400595686404
917 -0.680400595686404
918 -0.680400595686404
919 -0.680400595686404
920 -0.680400595686404
921 -0.680400595686404
922 -0.680400595686404
923 -0.680400595686404
924 -0.680400595686404
925 -0.680400595686404
926 -0.680400595686404
927 -0.680400595686404
928 -0.680400595686404
929 -0.680400595686404
930 -0.680400595686404
931 -0.680400595686404
932 -0.680400595686404
933 -0.680400595686404
934 -0.680400595686404
935 -0.680400595686404
936 -0.680400595686404
937 -0.680400595686404
938 -0.680400595686404
939 -0.680400595686404
940 -0.680400595686404
941 -0.680400595686404
942 -0.680400595686404
943 -0.680400595686404
944 -0.680400595686404
945 -0.680400595686404
946 -0.680400595686404
947 -0.680400595686404
948 -0.680400595686404
949 -0.680400595686404
950 -0.680400595686404
951 -0.680400595686404
952 -0.680400595686404
953 -0.680400595686404
954 -0.680400595686404
955 -0.680400595686404
956 -0.680400595686404
957 -0.680400595686404
958 -0.680400595686404
959 -0.680400595686404
960 -0.680400595686404
961 -0.680400595686404
962 -0.680400595686404
963 -0.680400595686404
964 -0.680400595686404
965 -0.680400595686404
966 -0.680400595686404
967 -0.680400595686404
968 -0.680400595686404
969 -0.680400595686404
970 -0.680400595686404
971 -0.680400595686404
972 -0.680400595686404
973 -0.680400595686404
974 -0.680400595686404
975 -0.680400595686404
976 -0.680400595686404
977 -0.680400595686404
978 -0.680400595686404
979 -0.680400595686404
980 -0.680400595686404
981 -0.680400595686404
982 -0.680400595686404
983 -0.680400595686404
984 -0.680400595686404
985 -0.680400595686404
986 -0.680400595686404
987 -0.680400595686404
988 -0.680400595686404
989 -0.680400595686404
990 -0.680400595686404
991 -0.680400595686404
992 -0.680400595686404
993 -0.680400595686404
994 -0.680400595686404
995 -0.680400595686404
996 -0.680400595686404
997 -0.680400595686404
998 -0.680400595686404
999 -0.680400595686404
