0 -0.2398003472222222
1 -0.5314453124999999
2 -0.5683376736111111
3 -0.608346896701389
4 -0.007681630452473954
5 0.4331434130668639
6 0.6891849704053667
7 1.1262420801215705
8 1.4653347192804023
9 1.9072926246430104
10 1.9208308792749007
11 1.8374975459415674
12 1.8499947292909655
13 1.8222952935270764
14 2.017878681113882
15 2.0226758036585943
16 2.025577112724943
17 2.0275840487982455
18 2.0691426590661552
19 2.051781547955044
20 2.4192349769559343
21 2.428065213265038
22 2.665602643074609
23 2.6569220875190536
24 2.975815382290566
25 2.976721584818778
26 3.133305808763453
27 3.1561508332961954
28 3.156152952572454
29 3.1911925704287976
30 3.242641340594995
31 3.261885487159269
32 3.386433285488863
33 3.43652057859019
34 3.4366283697877904
35 3.504685576835504
36 3.742669989446478
37 3.742534355765922
38 3.7513128568684166
39 3.751604697430806
40 3.7516197606129222
41 3.756280868376651
42 3.756420989991821
43 3.7562879793678707
44 3.7577410265560633
45 3.7576732097157852
46 3.7576732262726313
47 3.7596517047498645
48 3.7621046955610193
49 3.7621047038394426
50 3.762931950623921
51 3.762898042203782
52 3.762881087993713
53 3.763049964257067
54 3.7634197788999533
55 3.7642558595498326
56 3.76431567184423
57 3.764633721204087
58 3.7649161603488293
59 3.7649156305297646
60 3.7652825733921955
61 3.7652868287839047
62 3.765616057553299
63 3.765616058588102
64 3.7656698003910853
65 3.765673562468114
66 3.765679799840405
67 3.765722976000158
68 3.7658033778133984
69 3.765806567375181
70 3.7658949820315084
71 3.7662116729659942
72 3.7662650203907666
73 3.7662650644803364
74 3.766264799570804
75 3.7663833915548253
76 3.766411547965592
77 3.7668156641913058
78 3.766937030092919
79 3.7669519400810065
80 3.7669574199076425
81 3.7671696926785154
82 3.767169693126659
83 3.7671854378074596
84 3.767195674102998
85 3.767195657546152
86 3.767198678002171
87 3.7672035559051924
88 3.7672049015370104
89 3.7672112220449634
90 3.7672131957977815
91 3.767233076747133
92 3.7672341658385915
93 3.7672343153278223
94 3.767241445038454
95 3.7672415140793487
96 3.7672415140932056
97 3.7672415468304745
98 3.7672421283861377
99 3.76724363303542
100 3.7672438036741958
101 3.7672448993988663
102 3.767245034985937
103 3.7672482608736706
104 3.7672485269212186
105 3.7672488612157022
106 3.767248861217167
107 3.767251171199974
108 3.76725242954384
109 3.767253594477483
110 3.7672536624353716
111 3.767254365357575
112 3.7672544688842873
113 3.767254784357531
114 3.7672548369364764
115 3.7672548369428345
116 3.7672550726637977
117 3.76725509464637
118 3.767255094646654
119 3.7672551665377885
120 3.7672551720812817
121 3.767255182679133
122 3.7672552863578357
123 3.76725532165461
124 3.7672553534462145
125 3.767255356605368
126 3.7672553685620804
127 3.76725539627688
128 3.7672553990917277
129 3.767255401430356
130 3.767255455798315
131 3.767255455798315
132 3.7672555045988645
133 3.7672555301590114
134 3.767255531135089
135 3.767255534729818
136 3.767255534928976
137 3.767255549179751
138 3.7672555492775666
139 3.767255549350988
140 3.7672555493805953
141 3.7672555493805913
142 3.7672555493942506
143 3.7672555494912947
144 3.7672555494930435
145 3.7672555527818505
146 3.767255553084974
147 3.767255553124874
148 3.767255553288365
149 3.767255553292136
150 3.767255553363184
151 3.767255553363184
152 3.7672555533664696
153 3.7672555543662187
154 3.7672555552628477
155 3.7672555552646116
156 3.7672555552656988
157 3.7672555552708724
158 3.7672555553890024
159 3.7672555553969787
160 3.767255555397052
161 3.7672555554059337
162 3.7672555554656233
163 3.7672555554657614
164 3.7672555554657614
165 3.7672555554991427
166 3.767255555499245
167 3.7672555555043425
168 3.7672555555043457
169 3.767255555512112
170 3.7672555555133513
171 3.767255555515745
172 3.767255555516159
173 3.7672555555161886
174 3.767255555517307
175 3.767255555535323
176 3.7672555555353733
177 3.767255555536436
178 3.76725555554573
179 3.7672555555457685
180 3.7672555555542115
181 3.7672555555542178
182 3.7672555555544687
183 3.76725555555451
184 3.767255555554791
185 3.7672555555550513
186 3.767255555555302
187 3.767255555555372
188 3.767255555555373
189 3.7672555555553737
190 3.7672555555553737
191 3.767255555555449
192 3.76725555555545
193 3.7672555555554674
194 3.7672555555554674
195 3.7672555555554723
196 3.7672555555554723
197 3.767255555555513
198 3.767255555555513
199 3.7672555555555167
200 3.7672555555555167
201 3.7672555555555167
202 3.7672555555555167
203 3.7672555555555167
204 3.7672555555555416
205 3.7672555555555416
206 3.7672555555555416
207 3.7672555555555416
208 3.7672555555555416
209 3.7672555555555416
210 3.7672555555555416
211 3.7672555555555416
212 3.7672555555555416
213 3.7672555555555416
214 3.7672555555555416
215 3.7672555555555416
216 3.767255555555545
217 3.767255555555545
218 3.767255555555545
219 3.767255555555545
220 3.767255555555545
221 3.767255555555545
222 3.7672555555555514
223 3.7672555555555514
224 3.7672555555555514
225 3.7672555555555514
226 3.7672555555555514
227 3.7672555555555527
228 3.7672555555555527
229 3.7672555555555527
230 3.7672555555555545
231 3.7672555555555545
232 3.7672555555555545
233 3.7672555555555545
234 3.7672555555555545
235 3.7672555555555545
236 3.7672555555555545
237 3.7672555555555545
238 3.7672555555555545
239 3.7672555555555545
240 3.7672555555555545
241 3.7672555555555545
242 3.7672555555555545
243 3.7672555555555545
244 3.7672555555555545
245 3.7672555555555545
246 3.7672555555555545
247 3.7672555555555545
248 3.7672555555555545
249 3.7672555555555545
250 3.7672555555555545
251 3.7672555555555545
252 3.7672555555555545
253 3.7672555555555545
254 3.7672555555555545
255 3.7672555555555545
256 3.7672555555555545
257 3.7672555555555545
258 3.7672555555555545
259 3.7672555555555545
260 3.7672555555555545
261 3.7672555555555545
262 3.7672555555555545
263 3.7672555555555545
264 3.7672555555555545
265 3.7672555555555545
266 3.7672555555555545
267 3.7672555555555545
268 3.7672555555555545
269 3.7672555555555545
270 3.7672555555555545
271 3.7672555555555545
272 3.7672555555555545
273 3.7672555555555545
274 3.7672555555555545
275 3.7672555555555545
276 3.7672555555555545
277 3.7672555555555545
278 3.7672555555555545
279 3.7672555555555545
280 3.7672555555555545
281 3.7672555555555545
282 3.7672555555555545
283 3.7672555555555545
284 3.7672555555555545
285 3.7672555555555545
286 3.7672555555555545
287 3.7672555555555545
288 3.7672555555555545
289 3.7672555555555545
290 3.7672555555555545
291 3.7672555555555545
292 3.7672555555555545
293 3.7672555555555545
294 3.7672555555555545
295 3.7672555555555545
296 3.7672555555555545
297 3.7672555555555545
298 3.7672555555555545
299 3.7672555555555545
