0 0.036500000000000005
1 0.31145
2 0.3842000000000002
3 1.2600097708584128
4 1.3794478187261634
5 2.054182271203634
6 2.539869846559691
7 2.5148753833403705
8 2.315647762078518
9 2.337072943742181
10 2.337073458542181
11 2.337212225626539
12 2.334712225626539
13 2.3345188596409137
14 2.883703868404478
15 3.0904417400607387
16 3.498760345491124
17 3.498760397659149
18 3.49982651614503
19 3.4998262668739866
20 3.6553376922773544
21 3.652839925418112
22 3.7560635196791674
23 3.756063538637886
24 3.76741799076058
25 3.7672712738583263
26 3.7672465061650735
27 3.767246506207952
28 3.767246506209254
29 3.767246506345477
30 3.7672465662743613
31 3.7672465689920096
32 3.7672465689920096
33 3.767246811960303
34 3.767246811977341
35 3.7672468117273405
36 3.7672468134210035
37 3.767244324302799
38 3.7672546823909716
39 3.767254682390972
40 3.767254686491794
41 3.767254686504945
42 3.767254436517265
43 3.767254436966463
44 3.76725443696932
45 3.76725443696932
46 3.767254436973423
47 3.7672544369738805
48 3.7672555717598986
49 3.767255571760057
50 3.767255571760057
51 3.767255546760076
52 3.767255546760076
53 3.767255554576298
54 3.7672555545762996
55 3.7672555545762996
56 3.7672555546760074
57 3.7672555546760074
58 3.7672555546760083
59 3.7672555546760083
60 3.767255554426008
61 3.767255554401008
62 3.767255554401008
63 3.767255554401008
64 3.767255554401008
65 3.7672555544084787
66 3.7672555544084787
67 3.7672555544084787
68 3.7672555544084787
69 3.7672555544084787
70 3.7672555544084787
71 3.7672555544082282
72 3.7672555544082282
73 3.7672555544082282
74 3.7672555544082282
75 3.7672555544082282
76 3.767255554408204
77 3.7672555554398266
78 3.7672555554398266
79 3.7672555554398266
80 3.7672555554398266
81 3.7672555554398266
82 3.7672555554398266
83 3.7672555554398266
84 3.767255555542988
85 3.767255555542988
86 3.767255555542988
87 3.767255555543985
88 3.767255555543985
89 3.767255555543985
90 3.767255555543985
91 3.767255555543985
92 3.767255555543985
93 3.7672555555543985
94 3.7672555555543985
95 3.7672555555543985
96 3.7672555555543985
97 3.7672555555543985
98 3.7672555555543985
99 3.7672555555543985
100 3.7672555555543985
101 3.7672555555543985
102 3.767255555555533
103 3.767255555555533
104 3.767255555555533
105 3.767255555555533
106 3.767255555555533
107 3.767255555555533
108 3.767255555555533
109 3.767255555555533
110 3.767255555555533
111 3.767255555555533
112 3.7672555555555443
113 3.7672555555555554
114 3.7672555555555554
115 3.7672555555555554
116 3.7672555555555554
117 3.7672555555555554
118 3.7672555555555554
119 3.7672555555555554
120 3.7672555555555554
121 3.7672555555555554
122 3.7672555555555554
123 3.7672555555555554
124 3.7672555555555554
125 3.7672555555555554
126 3.7672555555555554
127 3.7672555555555554
128 3.7672555555555554
129 3.7672555555555554
130 3.7672555555555554
131 3.7672555555555554
132 3.7672555555555554
133 3.7672555555555554
134 3.7672555555555554
135 3.7672555555555554
136 3.7672555555555554
137 3.7672555555555554
138 3.7672555555555554
139 3.7672555555555554
140 3.7672555555555554
141 3.7672555555555554
142 3.7672555555555554
143 3.7672555555555554
144 3.7672555555555554
145 3.7672555555555554
146 3.7672555555555554
147 3.7672555555555554
148 3.7672555555555554
149 3.7672555555555554
150 3.7672555555555554
151 3.7672555555555554
152 3.7672555555555554
153 3.7672555555555554
154 3.7672555555555554
155 3.7672555555555554
156 3.7672555555555554
157 3.7672555555555554
158 3.7672555555555554
159 3.7672555555555554
160 3.7672555555555554
161 3.7672555555555554
162 3.7672555555555554
163 3.7672555555555554
164 3.7672555555555554
165 3.7672555555555554
166 3.7672555555555554
167 3.7672555555555554
168 3.7672555555555554
169 3.7672555555555554
170 3.7672555555555554
171 3.7672555555555554
172 3.7672555555555554
173 3.7672555555555554
174 3.7672555555555554
175 3.7672555555555554
176 3.7672555555555554
177 3.7672555555555554
178 3.7672555555555554
179 3.7672555555555554
180 3.7672555555555554
181 3.7672555555555554
182 3.7672555555555554
183 3.7672555555555554
184 3.7672555555555554
185 3.7672555555555554
186 3.7672555555555554
187 3.7672555555555554
188 3.7672555555555554
189 3.7672555555555554
190 3.7672555555555554
191 3.7672555555555554
192 3.7672555555555554
193 3.7672555555555554
194 3.7672555555555554
195 3.7672555555555554
196 3.7672555555555554
197 3.7672555555555554
198 3.7672555555555554
199 3.7672555555555554
200 3.7672555555555554
201 3.7672555555555554
202 3.7672555555555554
203 3.7672555555555554
204 3.7672555555555554
205 3.7672555555555554
206 3.7672555555555554
207 3.7672555555555554
208 3.7672555555555554
209 3.7672555555555554
210 3.7672555555555554
211 3.7672555555555554
212 3.7672555555555554
213 3.7672555555555554
214 3.7672555555555554
215 3.7672555555555554
216 3.7672555555555554
217 3.7672555555555554
218 3.7672555555555554
219 3.7672555555555554
220 3.7672555555555554
221 3.7672555555555554
222 3.7672555555555554
223 3.7672555555555554
224 3.7672555555555554
225 3.7672555555555554
226 3.7672555555555554
227 3.7672555555555554
228 3.7672555555555554
229 3.7672555555555554
230 3.7672555555555554
231 3.7672555555555554
232 3.7672555555555554
233 3.7672555555555554
234 3.7672555555555554
235 3.7672555555555554
236 3.7672555555555554
237 3.7672555555555554
238 3.7672555555555554
239 3.7672555555555554
240 3.7672555555555554
241 3.7672555555555554
242 3.7672555555555554
243 3.7672555555555554
244 3.7672555555555554
245 3.7672555555555554
246 3.7672555555555554
247 3.7672555555555554
248 3.7672555555555554
249 3.7672555555555554
250 3.7672555555555554
251 3.7672555555555554
252 3.7672555555555554
253 3.7672555555555554
254 3.7672555555555554
255 3.7672555555555554
256 3.7672555555555554
257 3.7672555555555554
258 3.7672555555555554
259 3.7672555555555554
260 3.7672555555555554
261 3.7672555555555554
262 3.7672555555555554
263 3.7672555555555554
264 3.7672555555555554
265 3.7672555555555554
266 3.7672555555555554
267 3.7672555555555554
268 3.7672555555555554
269 3.7672555555555554
270 3.7672555555555554
271 3.7672555555555554
272 3.7672555555555554
273 3.7672555555555554
274 3.7672555555555554
275 3.7672555555555554
276 3.7672555555555554
277 3.7672555555555554
278 3.7672555555555554
279 3.7672555555555554
280 3.7672555555555554
281 3.7672555555555554
282 3.7672555555555554
283 3.7672555555555554
284 3.7672555555555554
285 3.7672555555555554
286 3.7672555555555554
287 3.7672555555555554
288 3.7672555555555554
289 3.7672555555555554
290 3.7672555555555554
291 3.7672555555555554
292 3.7672555555555554
293 3.7672555555555554
294 3.7672555555555554
295 3.7672555555555554
296 3.7672555555555554
297 3.7672555555555554
298 3.7672555555555554
299 3.7672555555555554
