0 -0.1125608108108108
1 -0.5180041175533784
2 -0.6172011445804054
3 -0.6387957932290541
4 -0.6157545770128379
5 -0.8967051020128378
6 -0.6614476560668916
7 -0.6073935344452702
8 -0.677110893435675
9 -0.6400717704627018
10 -0.9923310905321612
11 -0.9238993458150763
12 -0.607948621800329
13 -0.4362389672617347
14 -0.5293497731242143
15 -0.6972009182127654
16 -0.8523229598575387
17 -0.9131471490467278
18 -0.7493282777638779
19 -0.7765096818860474
20 -0.9884742672502169
21 -1.3502787356390809
22 -1.180696029950939
23 -0.9623115383430203
24 -1.1444460710692035
25 -0.594639085069233
26 -0.5927128228057377
27 -0.4847143286671061
28 -0.5179677123765656
29 -0.4048156387132468
30 -0.3913500725709305
31 -0.30265901256732963
32 -0.2217160562945913
33 -0.28746235205898774
34 -0.1941305570609591
35 -0.08132791957644754
36 -0.05742151462185404
37 -0.047318991011739135
38 0.14285778935038299
39 -0.030028697347340122
40 -0.15481377527166038
41 -0.153555883399322
42 -0.15248792970508235
43 -0.3462510766630042
44 -0.46201620674167443
45 -0.4906172465513954
46 -0.4899849129591916
47 -0.4899841625051375
48 -0.48973710251219504
49 -0.48973710312030305
50 -0.4973962901814179
51 -0.5667636855773348
52 -0.6190243019931839
53 -0.6376380199792114
54 -0.6256778719019325
55 -0.6256778719627434
56 -0.6254846556011452
57 -0.6409562783979703
58 -0.640886965526595
59 -0.640882513123072
60 -0.64309006635069
61 -0.6430827468618223
62 -0.6428771329396329
63 -0.6465089878944507
64 -0.6457187732469752
65 -0.6620784144939339
66 -0.6620666663349863
67 -0.6620648126426161
68 -0.6619328224002682
69 -0.6619250232896547
70 -0.6619248351474865
71 -0.6709160580484163
72 -0.6768692947149851
73 -0.678691582686261
74 -0.6789855851224662
75 -0.6877281563481819
76 -0.6877161809654985
77 -0.684617109731626
78 -0.6833617457902913
79 -0.6833585122040251
80 -0.6847420018225091
81 -0.6847829326199207
82 -0.684778944869502
83 -0.6836275025812061
84 -0.6836259958269105
85 -0.6835712647341804
86 -0.683631920219719
87 -0.6836318851596582
88 -0.6831637134306678
89 -0.6831637077324776
90 -0.6814664740594872
91 -0.6814625364589725
92 -0.6814617732401371
93 -0.6814616392533819
94 -0.6816243223965995
95 -0.6817861212980136
96 -0.681844499227666
97 -0.6818444875749978
98 -0.6818444875044233
99 -0.6818995544822898
100 -0.6818995481733133
101 -0.6818915243351905
102 -0.6818911610804541
103 -0.6818911610714952
104 -0.6816042722188088
105 -0.6806014322117366
106 -0.6806000301667317
107 -0.6806000282623142
108 -0.6805998953272538
109 -0.6805998850994885
110 -0.680599885084179
111 -0.680611039552407
112 -0.6806106588940825
113 -0.6806111400994722
114 -0.6806111400976025
115 -0.6806167044144537
116 -0.6806167044139624
117 -0.6806167043915544
118 -0.6804390742668357
119 -0.6804390742654528
120 -0.6804390742652434
121 -0.6804393635229178
122 -0.6804394189050843
123 -0.6804394188893946
124 -0.6804394045731664
125 -0.6804394045690568
126 -0.6804397798704704
127 -0.6804397777187543
128 -0.680439778145335
129 -0.680439778145335
130 -0.6804364029007655
131 -0.6804364029006618
132 -0.6804364029006605
133 -0.6804364064916555
134 -0.6804315752325922
135 -0.6804315752317907
136 -0.6804315240670643
137 -0.680431524067057
138 -0.6804315241093942
139 -0.6804315241093896
140 -0.68043152480924
141 -0.6804315253761796
142 -0.6804315253761446
143 -0.6804315253761377
144 -0.68043152554009
145 -0.6804315255400785
146 -0.6804315255411008
147 -0.6804309593861394
148 -0.6804309593851601
149 -0.6804309593851482
150 -0.6804309593851482
151 -0.6804309593851474
152 -0.680430959385148
153 -0.680430959385148
154 -0.6804309559138412
155 -0.6804309559138393
156 -0.680430955913821
157 -0.6804309554259783
158 -0.6804309554298685
159 -0.6804309554298614
160 -0.6804309554298614
161 -0.6804309554298587
162 -0.6804203802658474
163 -0.6804203802657748
164 -0.6804203802657748
165 -0.68042038026517
166 -0.6804203802651698
167 -0.6804203802651689
168 -0.6804203802651689
169 -0.6804203802651689
170 -0.680420363378676
171 -0.680420363378676
172 -0.680420363378676
173 -0.680420363378676
174 -0.680420363378676
175 -0.680420363378676
176 -0.680420363378676
177 -0.680420363378676
178 -0.680420363378676
179 -0.680420363378676
180 -0.680420363378676
181 -0.680420363378676
182 -0.680420363378676
183 -0.6804005890611494
184 -0.6804005890611494
185 -0.6804005890611494
186 -0.6804005890611494
187 -0.6804005890611494
188 -0.6804005890611494
189 -0.6804005890611494
190 -0.6804005890611494
191 -0.6804005890611494
192 -0.680400595142039
193 -0.680400595142039
194 -0.680400595142039
195 -0.680400595142039
196 -0.680400595142039
197 -0.6804005951420389
198 -0.6804005951420389
199 -0.6804005951420389
200 -0.6804005957501434
201 -0.6804005957501434
202 -0.6804005957501434
203 -0.6804005957501434
204 -0.6804005957501434
205 -0.6804005957501434
206 -0.6804005956910953
207 -0.6804005956910953
208 -0.6804005956910953
209 -0.6804005956910953
210 -0.6804005956910953
211 -0.6804005956910953
212 -0.6804005956910953
213 -0.6804005956910953
214 -0.6804005956910953
215 -0.6804005956910953
216 -0.6804005956910953
217 -0.6804005956910953
218 -0.6804005956910953
219 -0.6804005956910953
220 -0.6804005956910953
221 -0.6804005956910953
222 -0.6804005956910953
223 -0.6804005956910953
224 -0.6804005956910953
225 -0.6804005956910953
226 -0.6804005956910953
227 -0.6804005956910953
228 -0.6804005956910953
229 -0.6804005956910953
230 -0.6804005956910953
231 -0.6804005956910953
232 -0.6804005956971765
233 -0.6804005956971765
234 -0.6804005956971765
235 -0.6804005956971765
236 -0.6804005956971765
237 -0.6804005956971765
238 -0.6804005956971765
239 -0.6804005956971765
240 -0.6804005956971765
241 -0.6804005956971765
242 -0.6804005956870389
243 -0.6804005956870389
244 -0.6804005956870389
245 -0.6804005956870389
246 -0.6804005956870389
247 -0.6804005956870389
248 -0.6804005956870389
249 -0.6804005956874789
250 -0.6804005956874789
251 -0.6804005956874789
252 -0.6804005956874789
253 -0.6804005956874789
254 -0.6804005956874789
255 -0.6804005956874789
256 -0.6804005956874789
257 -0.6804005956874789
258 -0.6804005956875397
259 -0.6804005956875397
260 -0.6804005956875289
261 -0.6804005956875289
262 -0.6804005956875289
263 -0.6804005956875289
264 -0.6804005956875289
265 -0.6804005956875289
266 -0.6804005956875289
267 -0.6804005956875289
268 -0.6804005956875289
269 -0.6804005956875289
270 -0.6804005956875289
271 -0.6804005956875289
272 -0.6804005956875289
273 -0.6804005956875289
274 -0.6804005956875289
275 -0.6804005956875289
276 -0.6804005956875289
277 -0.6804005956875289
278 -0.6804005956875289
279 -0.6804005956875289
280 -0.6804005956875289
281 -0.6804005956875289
282 -0.6804005956875289
283 -0.6804005956875289
284 -0.6804005956875289
285 -0.6804005956875289
286 -0.6804005956875289
287 -0.6804005956875289
288 -0.6804005956875289
289 -0.6804005956875296
290 -0.6804005956875296
291 -0.6804005956875296
292 -0.6804005956875296
293 -0.6804005956875296
294 -0.6804005956875296
295 -0.6804005956875296
296 -0.6804005956875296
297 -0.6804005956875296
298 -0.6804005956875296
299 -0.6804005956875296
300 -0.6804005956875296
301 -0.6804005956875296
302 -0.6804005956865143
303 -0.6804005956865143
304 -0.6804005956865143
305 -0.6804005956865143
306 -0.6804005956865143
307 -0.6804005956865143
308 -0.6804005956865143
309 -0.6804005956865143
310 -0.6804005956865143
311 -0.6804005956865143
312 -0.6804005956865143
313 -0.6804005956865143
314 -0.6804005956865143
315 -0.6804005956865143
316 -0.6804005956865143
317 -0.6804005956865143
318 -0.6804005956865143
319 -0.6804005956865143
320 -0.6804005956865143
321 -0.6804005956865143
322 -0.6804005956865143
323 -0.6804005956865143
324 -0.6804005956865143
325 -0.6804005956865143
326 -0.6804005956865143
327 -0.6804005956865143
328 -0.6804005956865143
329 -0.6804005956865143
330 -0.6804005956865143
331 -0.6804005956865143
332 -0.6804005956865143
333 -0.6804005956865143
334 -0.6804005956865143
335 -0.6804005956865143
336 -0.6804005956865143
337 -0.6804005956865143
338 -0.6804005956865143
339 -0.6804005956865143
340 -0.6804005956865143
341 -0.6804005956865143
342 -0.6804005956865143
343 -0.6804005956865143
344 -0.6804005956865143
345 -0.6804005956865143
346 -0.6804005956865143
347 -0.6804005956865143
348 -0.6804005956865143
349 -0.6804005956865143
350 -0.6804005956865143
351 -0.6804005956865143
352 -0.6804005956865143
353 -0.6804005956865143
354 -0.6804005956865143
355 -0.6804005956865143
356 -0.6804005956865143
357 -0.6804005956865143
358 -0.6804005956865143
359 -0.6804005956865143
360 -0.6804005956865143
361 -0.6804005956865143
362 -0.6804005956865143
363 -0.6804005956865143
364 -0.6804005956865143
365 -0.6804005956865143
366 -0.6804005956865143
367 -0.6804005956865143
368 -0.6804005956865143
369 -0.6804005956865143
370 -0.6804005956865143
371 -0.6804005956865143
372 -0.6804005956865143
373 -0.6804005956865143
374 -0.6804005956865143
375 -0.6804005956865143
376 -0.6804005956865143
377 -0.6804005956865143
378 -0.6804005956865143
379 -0.6804005956865143
380 -0.6804005956865143
381 -0.6804005956865143
382 -0.6804005956865143
383 -0.6804005956865143
384 -0.6804005956864128
385 -0.6804005956864128
386 -0.6804005956864128
387 -0.6804005956864128
388 -0.6804005956864128
389 -0.6804005956864128
390 -0.6804005956864128
391 -0.6804005956864128
392 -0.6804005956864128
393 -0.6804005956864128
394 -0.6804005956864128
395 -0.6804005956864128
396 -0.6804005956864128
397 -0.6804005956864128
398 -0.6804005956864128
399 -0.6804005956864128
400 -0.6804005956864128
401 -0.6804005956864128
402 -0.6804005956864128
403 -0.6804005956864128
404 -0.6804005956864128
405 -0.6804005956864128
406 -0.6804005956864128
407 -0.6804005956864128
408 -0.6804005956864128
409 -0.6804005956864128
410 -0.6804005956864128
411 -0.6804005956864128
412 -0.6804005956864128
413 -0.6804005956864128
414 -0.6804005956864128
415 -0.6804005956864128
416 -0.6804005956864128
417 -0.6804005956864128
418 -0.6804005956864128
419 -0.6804005956864128
420 -0.6804005956864128
421 -0.6804005956864128
422 -0.6804005956864128
423 -0.6804005956864128
424 -0.6804005956864128
425 -0.6804005956864128
426 -0.6804005956864128
427 -0.6804005956864128
428 -0.6804005956864128
429 -0.6804005956864128
430 -0.6804005956864128
431 -0.6804005956864128
432 -0.6804005956864128
433 -0.6804005956864128
434 -0.6804005956864128
435 -0.6804005956864128
436 -0.6804005956864015
437 -0.6804005956864015
438 -0.6804005956864015
439 -0.6804005956864015
440 -0.6804005956864015
441 -0.6804005956864015
442 -0.6804005956864015
443 -0.6804005956864015
444 -0.6804005956864015
445 -0.6804005956864015
446 -0.6804005956864015
447 -0.6804005956864015
448 -0.6804005956864015
449 -0.6804005956864015
450 -0.6804005956864015
451 -0.6804005956864015
452 -0.6804005956864015
453 -0.6804005956864015
454 -0.6804005956864015
455 -0.6804005956864015
456 -0.6804005956864015
457 -0.6804005956864015
458 -0.6804005956864015
459 -0.6804005956864015
460 -0.6804005956864015
461 -0.6804005956864015
462 -0.6804005956864015
463 -0.6804005956864015
464 -0.6804005956864015
465 -0.6804005956864015
466 -0.6804005956864015
467 -0.6804005956864015
468 -0.6804005956864015
469 -0.6804005956864015
470 -0.6804005956864015
471 -0.6804005956864015
472 -0.6804005956864015
473 -0.6804005956864015
474 -0.6804005956864015
475 -0.6804005956864015
476 -0.6804005956864015
477 -0.6804005956864015
478 -0.6804005956864015
479 -0.6804005956864015
480 -0.6804005956864015
481 -0.6804005956864015
482 -0.6804005956864015
483 -0.6804005956864015
484 -0.6804005956864015
485 -0.6804005956864015
486 -0.6804005956864015
487 -0.6804005956864015
488 -0.6804005956864015
489 -0.6804005956864015
490 -0.6804005956864015
491 -0.6804005956864015
492 -0.6804005956864015
493 -0.6804005956864015
494 -0.6804005956864015
495 -0.6804005956864015
496 -0.6804005956864015
497 -0.6804005956864015
498 -0.6804005956864015
499 -0.6804005956864015
500 -0.6804005956864015
501 -0.6804005956864015
502 -0.6804005956864015
503 -0.6804005956864015
504 -0.6804005956864015
505 -0.6804005956864015
506 -0.6804005956864015
507 -0.6804005956864015
508 -0.6804005956864015
509 -0.6804005956864015
510 -0.6804005956864015
511 -0.6804005956864015
512 -0.6804005956864015
513 -0.6804005956864015
514 -0.6804005956864015
515 -0.6804005956864015
516 -0.6804005956864015
517 -0.6804005956864015
518 -0.6804005956864015
519 -0.6804005956864015
520 -0.6804005956864015
521 -0.6804005956864015
522 -0.6804005956864015
523 -0.6804005956864015
524 -0.6804005956864015
525 -0.6804005956864015
526 -0.6804005956864015
527 -0.6804005956864015
528 -0.6804005956864015
529 -0.6804005956864015
530 -0.6804005956864015
531 -0.6804005956864015
532 -0.6804005956864015
533 -0.6804005956864015
534 -0.6804005956864015
535 -0.6804005956864015
536 -0.6804005956864015
537 -0.6804005956864015
538 -0.6804005956864015
539 -0.6804005956864015
540 -0.6804005956864015
541 -0.6804005956864015
542 -0.6804005956864015
543 -0.6804005956864015
544 -0.6804005956864015
545 -0.6804005956864015
546 -0.6804005956864015
547 -0.6804005956864015
548 -0.6804005956864015
549 -0.6804005956864015
550 -0.6804005956864015
551 -0.6804005956864015
552 -0.6804005956864015
553 -0.6804005956864015
554 -0.6804005956864015
555 -0.6804005956864015
556 -0.6804005956864015
557 -0.6804005956864015
558 -0.6804005956864015
559 -0.6804005956864015
560 -0.6804005956864015
561 -0.6804005956864015
562 -0.6804005956864015
563 -0.6804005956864015
564 -0.6804005956864015
565 -0.6804005956864015
566 -0.6804005956864015
567 -0.6804005956864015
568 -0.6804005956864015
569 -0.6804005956864015
570 -0.6804005956864015
571 -0.6804005956864015
572 -0.6804005956864015
573 -0.6804005956864015
574 -0.6804005956864015
575 -0.6804005956864015
576 -0.6804005956864015
577 -0.6804005956864015
578 -0.6804005956864015
579 -0.6804005956864015
580 -0.6804005956864015
581 -0.6804005956864015
582 -0.6804005956864015
583 -0.6804005956864015
584 -0.6804005956864015
585 -0.6804005956864015
586 -0.6804005956864015
587 -0.6804005956864015
588 -0.6804005956864015
589 -0.6804005956864015
590 -0.6804005956864015
591 -0.6804005956864015
592 -0.6804005956864015
593 -0.6804005956864015
594 -0.6804005956864015
595 -0.6804005956864015
596 -0.6804005956864015
597 -0.6804005956864015
598 -0.6804005956864015
599 -0.6804005956864015
600 -0.6804005956864015
601 -0.6804005956864015
602 -0.6804005956864015
603 -0.6804005956864015
604 -0.6804005956864015
605 -0.6804005956864015
606 -0.6804005956864015
607 -0.6804005956864015
608 -0.6804005956864015
609 -0.6804005956864015
610 -0.6804005956864015
611 -0.6804005956864015
612 -0.6804005956864015
613 -0.6804005956864015
614 -0.6804005956864015
615 -0.6804005956864015
616 -0.6804005956864015
617 -0.6804005956864015
618 -0.6804005956864015
619 -0.6804005956864015
620 -0.6804005956864015
621 -0.6804005956864015
622 -0.6804005956864015
623 -0.6804005956864015
624 -0.6804005956864015
625 -0.6804005956864015
626 -0.6804005956864015
627 -0.6804005956864015
628 -0.6804005956864015
629 -0.6804005956864015
630 -0.6804005956864015
631 -0.6804005956864015
632 -0.6804005956864015
633 -0.6804005956864015
634 -0.6804005956864015
635 -0.6804005956864015
636 -0.6804005956864015
637 -0.6804005956864015
638 -0.6804005956864015
639 -0.6804005956864015
640 -0.6804005956864015
641 -0.6804005956864015
642 -0.6804005956864015
643 -0.6804005956864015
644 -0.6804005956864015
645 -0.6804005956864015
646 -0.6804005956864015
647 -0.6804005956864015
648 -0.6804005956864015
649 -0.6804005956864015
650 -0.6804005956864015
651 -0.6804005956864015
652 -0.6804005956864015
653 -0.6804005956864015
654 -0.6804005956864015
655 -0.6804005956864015
656 -0.6804005956864015
657 -0.6804005956864015
658 -0.6804005956864015
659 -0.6804005956864015
660 -0.6804005956864015
661 -0.6804005956864015
662 -0.6804005956864015
663 -0.6804005956864015
664 -0.6804005956864015
665 -0.6804005956864015
666 -0.6804005956864015
667 -0.6804005956864015
668 -0.6804005956864015
669 -0.6804005956864015
670 -0.6804005956864015
671 -0.6804005956864015
672 -0.6804005956864015
673 -0.6804005956864015
674 -0.6804005956864015
675 -0.6804005956864015
676 -0.6804005956864015
677 -0.6804005956864015
678 -0.6804005956864015
679 -0.6804005956864015
680 -0.6804005956864015
681 -0.6804005956864015
682 -0.6804005956864015
683 -0.6804005956864015
684 -0.6804005956864015
685 -0.6804005956864015
686 -0.6804005956864015
687 -0.6804005956864015
688 -0.6804005956864015
689 -0.6804005956864015
690 -0.6804005956864015
691 -0.6804005956864015
692 -0.6804005956864015
693 -0.6804005956864015
694 -0.6804005956864015
695 -0.6804005956864015
696 -0.6804005956864015
697 -0.6804005956864015
698 -0.6804005956864015
699 -0.6804005956864015
700 -0.6804005956864015
701 -0.6804005956864015
702 -0.6804005956864015
703 -0.6804005956864015
704 -0.6804005956864015
705 -0.6804005956864015
706 -0.6804005956864015
707 -0.6804005956864015
708 -0.6804005956864015
709 -0.6804005956864015
710 -0.6804005956864015
711 -0.6804005956864015
712 -0.6804005956864015
713 -0.6804005956864015
714 -0.6804005956864015
715 -0.6804005956864015
716 -0.6804005956864015
717 -0.6804005956864015
718 -0.6804005956864015
719 -0.6804005956864015
720 -0.6804005956864015
721 -0.6804005956864015
722 -0.6804005956864015
723 -0.6804005956864015
724 -0.6804005956864015
725 -0.6804005956864015
726 -0.6804005956864015
727 -0.6804005956864015
728 -0.6804005956864015
729 -0.6804005956864015
730 -0.6804005956864015
731 -0.6804005956864015
732 -0.6804005956864015
733 -0.6804005956864015
734 -0.6804005956864015
735 -0.6804005956864015
736 -0.6804005956864015
737 -0.6804005956864015
738 -0.6804005956864015
739 -0.6804005956864015
740 -0.6804005956864015
741 -0.6804005956864015
742 -0.6804005956864015
743 -0.6804005956864015
744 -0.6804005956864015
745 -0.6804005956864015
746 -0.6804005956864015
747 -0.6804005956864015
748 -0.6804005956864015
749 -0.6804005956864015
750 -0.6804005956864015
751 -0.6804005956864015
752 -0.6804005956864015
753 -0.6804005956864015
754 -0.6804005956864015
755 -0.6804005956864015
756 -0.6804005956864015
757 -0.6804005956864015
758 -0.6804005956864015
759 -0.6804005956864015
760 -0.6804005956864015
761 -0.6804005956864015
762 -0.6804005956864015
763 -0.6804005956864015
764 -0.6804005956864015
765 -0.6804005956864015
766 -0.6804005956864015
767 -0.6804005956864015
768 -0.6804005956864015
769 -0.6804005956864015
770 -0.6804005956864015
771 -0.6804005956864015
772 -0.6804005956864015
773 -0.6804005956864015
774 -0.6804005956864015
775 -0.6804005956864015
776 -0.6804005956864015
777 -0.6804005956864015
778 -0.6804005956864015
779 -0.6804005956864015
780 -0.6804005956864015
781 -0.6804005956864015
782 -0.6804005956864015
783 -0.6804005956864015
784 -0.6804005956864015
785 -0.6804005956864015
786 -0.6804005956864015
787 -0.6804005956864015
788 -0.6804005956864015
789 -0.6804005956864015
790 -0.6804005956864015
791 -0.6804005956864015
792 -0.6804005956864015
793 -0.6804005956864015
794 -0.6804005956864015
795 -0.6804005956864015
796 -0.6804005956864015
797 -0.6804005956864015
798 -0.6804005956864015
799 -0.6804005956864015
800 -0.6804005956864015
801 -0.6804005956864015
802 -0.6804005956864015
803 -0.6804005956864015
804 -0.6804005956864015
805 -0.6804005956864015
806 -0.6804005956864015
807 -0.6804005956864015
808 -0.6804005956864015
809 -0.6804005956864015
810 -0.6804005956864015
811 -0.6804005956864015
812 -0.6804005956864015
813 -0.6804005956864015
814 -0.6804005956864015
815 -0.6804005956864015
816 -0.6804005956864015
817 -0.6804005956864015
818 -0.6804005956864015
819 -0.6804005956864015
820 -0.6804005956864015
821 -0.6804005956864015
822 -0.6804005956864015
823 -0.6804005956864015
824 -0.6804005956864015
825 -0.6804005956864015
826 -0.6804005956864015
827 -0.6804005956864015
828 -0.6804005956864015
829 -0.6804005956864015
830 -0.6804005956864015
831 -0.6804005956864015
832 -0.6804005956864015
833 -0.6804005956864015
834 -0.6804005956864015
835 -0.6804005956864015
836 -0.6804005956864015
837 -0.6804005956864015
838 -0.6804005956864015
839 -0.6804005956864015
840 -0.6804005956864015
841 -0.6804005956864015
842 -0.6804005956864015
843 -0.6804005956864015
844 -0.6804005956864015
845 -0.6804005956864015
846 -0.6804005956864015
847 -0.6804005956864015
848 -0.6804005956864015
849 -0.6804005956864015
850 -0.6804005956864015
851 -0.6804005956864015
852 -0.6804005956864015
853 -0.6804005956864015
854 -0.6804005956864015
855 -0.6804005956864015
856 -0.6804005956864015
857 -0.6804005956864015
858 -0.6804005956864015
859 -0.6804005956864015
860 -0.6804005956864015
861 -0.6804005956864015
862 -0.6804005956864015
863 -0.6804005956864015
864 -0.6804005956864015
865 -0.6804005956864015
866 -0.6804005956864015
867 -0.6804005956864015
868 -0.6804005956864015
869 -0.6804005956864015
870 -0.6804005956864015
871 -0.6804005956864015
872 -0.6804005956864015
873 -0.6804005956864015
874 -0.6804005956864015
875 -0.6804005956864015
876 -0.6804005956864015
877 -0.6804005956864015
878 -0.6804005956864015
879 -0.6804005956864015
880 -0.6804005956864015
881 -0.6804005956864015
882 -0.6804005956864015
883 -0.6804005956864015
884 -0.6804005956864015
885 -0.6804005956864015
886 -0.6804005956864015
887 -0.6804005956864015
888 -0.6804005956864015
889 -0.6804005956864015
890 -0.6804005956864015
891 -0.6804005956864015
892 -0.6804005956864015
893 -0.6804005956864015
894 -0.6804005956864015
895 -0.6804005956864015
896 -0.6804005956864015
897 -0.6804005956864015
898 -0.6804005956864015
899 -0.6804005956864015
900 -0.6804005956864015
901 -0.6804005956864015
902 -0.6804005956864015
903 -0.6804005956864015
904 -0.6804005956864015
905 -0.6804005956864015
906 -0.6804005956864015
907 -0.6804005956864015
908 -0.6804005956864015
909 -0.6804005956864015
910 -0.6804005956864015
911 -0.6804005956864015
912 -0.6804005956864015
913 -0.6804005956864015
914 -0.6804005956864015
915 -0.6804005956864015
916 -0.6804005956864015
917 -0.6804005956864015
918 -0.6804005956864015
919 -0.6804005956864015
920 -0.6804005956864015
921 -0.6804005956864015
922 -0.6804005956864015
923 -0.6804005956864015
924 -0.6804005956864015
925 -0.6804005956864015
926 -0.6804005956864015
927 -0.6804005956864015
928 -0.6804005956864015
929 -0.6804005956864015
930 -0.6804005956864015
931 -0.6804005956864015
932 -0.6804005956864015
933 -0.6804005956864015
934 -0.6804005956864015
935 -0.6804005956864015
936 -0.6804005956864015
937 -0.6804005956864015
938 -0.6804005956864015
939 -0.6804005956864015
940 -0.6804005956864015
941 -0.6804005956864015
942 -0.6804005956864015
943 -0.6804005956864015
944 -0.6804005956864015
945 -0.6804005956864015
946 -0.6804005956864015
947 -0.6804005956864015
948 -0.6804005956864015
949 -0.6804005956864015
950 -0.6804005956864015
951 -0.6804005956864015
952 -0.6804005956864015
953 -0.6804005956864015
954 -0.6804005956864015
955 -0.6804005956864015
956 -0.6804005956864015
957 -0.6804005956864015
958 -0.6804005956864015
959 -0.6804005956864015
960 -0.6804005956864015
961 -0.6804005956864015
962 -0.6804005956864015
963 -0.6804005956864015
964 -0.6804005956864015
965 -0.6804005956864015
966 -0.6804005956864015
967 -0.6804005956864015
968 -0.6804005956864015
969 -0.6804005956864015
970 -0.6804005956864015
971 -0.6804005956864015
972 -0.6804005956864015
973 -0.6804005956864015
974 -0.6804005956864015
975 -0.6804005956864015
976 -0.6804005956864015
977 -0.6804005956864015
978 -0.6804005956864015
979 -0.6804005956864015
980 -0.6804005956864015
981 -0.6804005956864015
982 -0.6804005956864015
983 -0.6804005956864015
984 -0.6804005956864015
985 -0.6804005956864015
986 -0.6804005956864015
987 -0.6804005956864015
988 -0.6804005956864015
989 -0.6804005956864015
990 -0.6804005956864015
991 -0.6804005956864015
992 -0.6804005956864015
993 -0.6804005956864015
994 -0.6804005956864015
995 -0.6804005956864015
996 -0.6804005956864015
997 -0.6804005956864015
998 -0.6804005956864015
999 -0.6804005956864015
