0 -0.19938362837837836
1 -0.36059308783783783
2 -0.3180255202702702
3 -0.4914695067567569
4 -0.6095032905405405
5 -0.5602465337837839
6 -0.5503951824324325
7 -0.5988011959459459
8 -0.9905385786321745
9 -0.9297119353077822
10 -0.7891404910665194
11 -0.8140242876874654
12 -1.4445819859137023
13 -1.37029310881501
14 -1.3440208499650257
15 -1.366335522937999
16 -1.3419278325986201
17 -1.4047228277599801
18 -1.4053309358680883
19 -1.41196540195046
20 -1.1993613143711541
21 -1.1891450981549379
22 -1.2216498215111562
23 -1.2215947081787493
24 -1.1573695315524979
25 -1.108720882903849
26 -1.1265684420985773
27 -1.0680684420985778
28 -1.1398781490824228
29 -1.0839681432295742
30 -0.5676889644227703
31 -0.5265843630375033
32 -0.5265223075967878
33 -0.5768576891404369
34 -0.5841325799363092
35 -0.5861504394262463
36 -0.5861465992785674
37 -0.5860846329133619
38 -0.6159865051803638
39 -0.6243574322816176
40 -0.6482817084321787
41 -0.6567892563822383
42 -0.674176351949719
43 -0.6653292700125092
44 -0.665299231759043
45 -0.75424570369894
46 -0.6928264169798688
47 -0.6927773857138374
48 -0.6927105558708935
49 -0.7121281657288608
50 -0.7030967869795363
51 -0.7030967261687252
52 -0.7291686708919065
53 -0.7502624930951683
54 -0.7502624322843576
55 -0.7485482653963712
56 -0.6574301139446413
57 -0.6709603047247112
58 -0.6708351722754547
59 -0.6527119522704206
60 -0.7188543706824513
61 -0.639064219517019
62 -0.6919652260607767
63 -0.6725915359770182
64 -0.6725822835166833
65 -0.6716672963438437
66 -0.6708135819146338
67 -0.6753289561327969
68 -0.7363109403821806
69 -0.746287947587643
70 -0.7161077272333061
71 -0.7161077272333061
72 -0.7161362625123951
73 -0.7321239503753861
74 -0.7321231736274691
75 -0.7321231736274691
76 -0.732123024068109
77 -0.7499621541227753
78 -0.7499396263743616
79 -0.7499396248117998
80 -0.7499386913500071
81 -0.7706118455195208
82 -0.7706115872938439
83 -0.7706114912804383
84 -0.7703329194773063
85 -0.7703323225420842
86 -0.770326786325218
87 -0.7702018584293551
88 -0.7697037693763482
89 -0.7697037693510526
90 -0.7775951610693849
91 -0.7779733681408405
92 -0.7782383967252442
93 -0.7782383963339053
94 -0.7782383963947163
95 -0.7782383759015186
96 -0.7796810879501311
97 -0.7796805472270247
98 -0.7718190463771112
99 -0.7717695393027345
100 -0.7748883709864479
101 -0.7748883709816475
102 -0.7711868480558508
103 -0.771186848055845
104 -0.7714953882557838
105 -0.7714954591069145
106 -0.7716366382041999
107 -0.77163116147639
108 -0.7716311752834699
109 -0.7716311752832863
110 -0.7716311885074523
111 -0.7709198919741252
112 -0.7709198919740539
113 -0.7709198933019494
114 -0.7709198934393034
115 -0.7709198934518379
116 -0.7709198934513458
117 -0.7703741046434971
118 -0.7703740416407894
119 -0.7703740416406674
120 -0.7703740416398294
121 -0.7703740416397702
122 -0.7703740416397481
123 -0.7703739875649774
124 -0.7703739875647022
125 -0.7703739821573822
126 -0.7703739821573116
127 -0.7703739821572858
128 -0.7703739821572858
129 -0.770373982157285
130 -0.770373982157275
131 -0.7703739882383563
132 -0.770373988238356
133 -0.7703739882383552
134 -0.7703739882383533
135 -0.7702511197116414
136 -0.7702438899362536
137 -0.7702438888581387
138 -0.7702438888581378
139 -0.7702438888581192
140 -0.7702413096646118
141 -0.7702413096645935
142 -0.7702412037080958
143 -0.7702412037080909
144 -0.770241203708076
145 -0.770241203708058
146 -0.7702409667720843
147 -0.7692361262964471
148 -0.7692361262964464
149 -0.7692361262964448
150 -0.7162822227807489
151 -0.7162822227807463
152 -0.7162822227807449
153 -0.7162821770569818
154 -0.7162821770569818
155 -0.7162816277435693
156 -0.7162816272028423
157 -0.7162816272028423
158 -0.716281620195947
159 -0.7162816120317546
160 -0.7162816120317529
161 -0.716281611421427
162 -0.7162816114214264
163 -0.7162816114214264
164 -0.7162816099383632
165 -0.7162814519838665
166 -0.716281451983866
167 -0.716281451983866
168 -0.716281451983866
169 -0.7162814519838654
170 -0.71628145140821
171 -0.7162814514082096
172 -0.7162814514082096
173 -0.7162814514082096
174 -0.7162814514082096
175 -0.7162814514082085
176 -0.7162814514082085
177 -0.7162814514082085
178 -0.7162814514079243
179 -0.7162814475316798
180 -0.7162814475316798
181 -0.7127243151489883
182 -0.7127243151489883
183 -0.7127243151489883
184 -0.7127243151489882
185 -0.7121745364685832
186 -0.7095536593468345
187 -0.7095536593468345
188 -0.7095536593468345
189 -0.7095536593468345
190 -0.7095536593468345
191 -0.7095536593468345
192 -0.7095536593468345
193 -0.7095536593468345
194 -0.7095536593468345
195 -0.7095536593468345
196 -0.6814260223614025
197 -0.681426022253591
198 -0.681426022253591
199 -0.681426022253591
200 -0.6814260221000848
201 -0.6814260221000848
202 -0.6814260220788694
203 -0.6814260220788694
204 -0.6814260220788694
205 -0.6814260220788694
206 -0.6804535199090289
207 -0.6804535199090289
208 -0.6804535199090289
209 -0.6804535199090289
210 -0.6804535199090289
211 -0.6804535199083512
212 -0.6804535199083512
213 -0.6804535199083512
214 -0.6804271832039586
215 -0.6804271828400181
216 -0.6804271828400181
217 -0.6804271828400181
218 -0.6804271828398699
219 -0.6804271828398699
220 -0.6804271828398699
221 -0.6804271761503753
222 -0.6804271761503753
223 -0.6804271761503753
224 -0.6804271761503753
225 -0.6804271761503753
226 -0.6804271761502496
227 -0.6804271761502496
228 -0.6804271761502496
229 -0.6804271761502496
230 -0.6804271761502496
231 -0.6804271749778764
232 -0.6804271749772632
233 -0.6804034945666937
234 -0.6804034945666937
235 -0.6804034945493297
236 -0.6804034945493297
237 -0.6804034945493297
238 -0.6804034945493297
239 -0.6804034945373626
240 -0.6804034945373626
241 -0.6804034945373507
242 -0.6804034945373507
243 -0.6804034945373507
244 -0.6804034945373507
245 -0.680400595956209
246 -0.680400595956209
247 -0.680400595956209
248 -0.680400595956209
249 -0.6804005957152074
250 -0.6804005957152074
251 -0.6804005957152074
252 -0.6804005957152074
253 -0.6804005957152074
254 -0.6804005957152074
255 -0.6804005957152074
256 -0.6804005957152074
257 -0.6804005957152074
258 -0.6804005957152016
259 -0.6804005957132819
260 -0.6804005957132819
261 -0.6804005957132077
262 -0.6804005957132077
263 -0.6804005957132077
264 -0.6804005956866852
265 -0.6804005956866852
266 -0.6804005956866852
267 -0.6804005956866852
268 -0.6804005956866852
269 -0.6804005956866852
270 -0.6804005956866852
271 -0.6804005956864433
272 -0.6804005956864433
273 -0.6804005956864315
274 -0.6804005956864315
275 -0.6804005956864315
276 -0.6804005956864315
277 -0.6804005956864315
278 -0.6804005956864315
279 -0.6804005956864315
280 -0.6804005956864315
281 -0.6804005956864296
282 -0.6804005956864296
283 -0.6804005956864296
284 -0.6804005956864296
285 -0.6804005956864296
286 -0.6804005956864296
287 -0.6804005956864296
288 -0.6804005956864296
289 -0.6804005956864296
290 -0.6804005956864296
291 -0.6804005956864296
292 -0.6804005956864296
293 -0.6804005956864296
294 -0.6804005956864296
295 -0.6804005956864296
296 -0.6804005956864296
297 -0.6804005956864296
298 -0.6804005956864296
299 -0.6804005956864296
300 -0.6804005956864296
301 -0.6804005956864296
302 -0.6804005956864296
303 -0.6804005956864296
304 -0.6804005956864296
305 -0.6804005956864296
306 -0.6804005956864296
307 -0.6804005956864296
308 -0.6804005956864296
309 -0.6804005956864296
310 -0.6804005956864296
311 -0.6804005956864296
312 -0.6804005956864296
313 -0.6804005956864296
314 -0.6804005956864296
315 -0.6804005956864296
316 -0.6804005956864296
317 -0.6804005956864296
318 -0.6804005956864296
319 -0.6804005956864296
320 -0.6804005956864296
321 -0.6804005956864296
322 -0.6804005956864296
323 -0.6804005956864296
324 -0.6804005956864296
325 -0.6804005956864057
326 -0.6804005956864044
327 -0.6804005956864044
328 -0.6804005956864044
329 -0.6804005956864044
330 -0.6804005956864042
331 -0.6804005956864042
332 -0.6804005956864042
333 -0.6804005956864042
334 -0.6804005956864042
335 -0.6804005956864015
336 -0.6804005956864015
337 -0.6804005956864015
338 -0.6804005956864015
339 -0.6804005956864015
340 -0.6804005956864015
341 -0.6804005956864015
342 -0.6804005956864015
343 -0.6804005956864015
344 -0.6804005956864015
345 -0.6804005956864015
346 -0.6804005956864015
347 -0.6804005956864015
348 -0.6804005956864015
349 -0.6804005956864015
350 -0.6804005956864015
351 -0.6804005956864015
352 -0.6804005956864015
353 -0.6804005956864015
354 -0.6804005956864015
355 -0.6804005956864015
356 -0.6804005956864015
357 -0.6804005956864015
358 -0.6804005956864015
359 -0.6804005956864015
360 -0.6804005956864015
361 -0.6804005956864015
362 -0.6804005956864015
363 -0.6804005956864015
364 -0.6804005956864015
365 -0.6804005956864015
366 -0.6804005956864015
367 -0.6804005956864015
368 -0.6804005956864015
369 -0.6804005956864015
370 -0.6804005956864015
371 -0.6804005956864015
372 -0.6804005956864015
373 -0.6804005956864015
374 -0.6804005956864015
375 -0.6804005956864015
376 -0.6804005956864015
377 -0.6804005956864015
378 -0.6804005956864015
379 -0.6804005956864015
380 -0.6804005956864015
381 -0.6804005956864015
382 -0.6804005956864015
383 -0.6804005956864015
384 -0.6804005956864015
385 -0.6804005956864015
386 -0.6804005956864015
387 -0.6804005956864015
388 -0.6804005956864015
389 -0.6804005956864015
390 -0.6804005956864015
391 -0.6804005956864015
392 -0.6804005956864015
393 -0.6804005956864015
394 -0.6804005956864015
395 -0.6804005956864015
396 -0.6804005956864015
397 -0.6804005956864015
398 -0.6804005956864015
399 -0.6804005956864015
400 -0.6804005956864015
401 -0.6804005956864015
402 -0.6804005956864015
403 -0.6804005956864015
404 -0.6804005956864015
405 -0.6804005956864015
406 -0.6804005956864015
407 -0.6804005956864015
408 -0.6804005956864015
409 -0.6804005956864015
410 -0.6804005956864015
411 -0.6804005956864015
412 -0.6804005956864015
413 -0.6804005956864015
414 -0.6804005956864015
415 -0.6804005956864015
416 -0.6804005956864015
417 -0.6804005956864015
418 -0.6804005956864015
419 -0.6804005956864015
420 -0.6804005956864015
421 -0.6804005956864015
422 -0.6804005956864015
423 -0.6804005956864015
424 -0.6804005956864015
425 -0.6804005956864015
426 -0.6804005956864015
427 -0.6804005956864015
428 -0.6804005956864015
429 -0.6804005956864015
430 -0.6804005956864015
431 -0.6804005956864015
432 -0.6804005956864015
433 -0.6804005956864015
434 -0.6804005956864015
435 -0.6804005956864015
436 -0.6804005956864015
437 -0.6804005956864015
438 -0.6804005956864015
439 -0.6804005956864015
440 -0.6804005956864015
441 -0.6804005956864015
442 -0.6804005956864015
443 -0.6804005956864015
444 -0.6804005956864015
445 -0.6804005956864015
446 -0.6804005956864015
447 -0.6804005956864015
448 -0.6804005956864015
449 -0.6804005956864015
450 -0.6804005956864015
451 -0.6804005956864015
452 -0.6804005956864015
453 -0.6804005956864015
454 -0.6804005956864015
455 -0.6804005956864015
456 -0.6804005956864015
457 -0.6804005956864015
458 -0.6804005956864015
459 -0.6804005956864015
460 -0.6804005956864015
461 -0.6804005956864015
462 -0.6804005956864015
463 -0.6804005956864015
464 -0.6804005956864015
465 -0.6804005956864015
466 -0.6804005956864015
467 -0.6804005956864015
468 -0.6804005956864015
469 -0.6804005956864015
470 -0.6804005956864015
471 -0.6804005956864015
472 -0.6804005956864015
473 -0.6804005956864015
474 -0.6804005956864015
475 -0.6804005956864015
476 -0.6804005956864015
477 -0.6804005956864015
478 -0.6804005956864015
479 -0.6804005956864015
480 -0.6804005956864015
481 -0.6804005956864015
482 -0.6804005956864015
483 -0.6804005956864015
484 -0.6804005956864015
485 -0.6804005956864015
486 -0.6804005956864015
487 -0.6804005956864015
488 -0.6804005956864015
489 -0.6804005956864015
490 -0.6804005956864015
491 -0.6804005956864015
492 -0.6804005956864015
493 -0.6804005956864015
494 -0.6804005956864015
495 -0.6804005956864015
496 -0.6804005956864015
497 -0.6804005956864015
498 -0.6804005956864015
499 -0.6804005956864015
500 -0.6804005956864015
501 -0.6804005956864015
502 -0.6804005956864015
503 -0.6804005956864015
504 -0.6804005956864015
505 -0.6804005956864015
506 -0.6804005956864015
507 -0.6804005956864015
508 -0.6804005956864015
509 -0.6804005956864015
510 -0.6804005956864015
511 -0.6804005956864015
512 -0.6804005956864015
513 -0.6804005956864015
514 -0.6804005956864015
515 -0.6804005956864015
516 -0.6804005956864015
517 -0.6804005956864015
518 -0.6804005956864015
519 -0.6804005956864015
520 -0.6804005956864015
521 -0.6804005956864015
522 -0.6804005956864015
523 -0.6804005956864015
524 -0.6804005956864015
525 -0.6804005956864015
526 -0.6804005956864015
527 -0.6804005956864015
528 -0.6804005956864015
529 -0.6804005956864015
530 -0.6804005956864015
531 -0.6804005956864015
532 -0.6804005956864015
533 -0.6804005956864015
534 -0.6804005956864015
535 -0.6804005956864015
536 -0.6804005956864015
537 -0.6804005956864015
538 -0.6804005956864015
539 -0.6804005956864015
540 -0.6804005956864015
541 -0.6804005956864015
542 -0.6804005956864015
543 -0.6804005956864015
544 -0.6804005956864015
545 -0.6804005956864015
546 -0.6804005956864015
547 -0.6804005956864015
548 -0.6804005956864015
549 -0.6804005956864015
550 -0.6804005956864015
551 -0.6804005956864015
552 -0.6804005956864015
553 -0.6804005956864015
554 -0.6804005956864015
555 -0.6804005956864015
556 -0.6804005956864015
557 -0.6804005956864015
558 -0.6804005956864015
559 -0.6804005956864015
560 -0.6804005956864015
561 -0.6804005956864015
562 -0.6804005956864015
563 -0.6804005956864015
564 -0.6804005956864015
565 -0.6804005956864015
566 -0.6804005956864015
567 -0.6804005956864015
568 -0.6804005956864015
569 -0.6804005956864015
570 -0.6804005956864015
571 -0.6804005956864015
572 -0.6804005956864015
573 -0.6804005956864015
574 -0.6804005956864015
575 -0.6804005956864015
576 -0.6804005956864015
577 -0.6804005956864015
578 -0.6804005956864015
579 -0.6804005956864015
580 -0.6804005956864015
581 -0.6804005956864015
582 -0.6804005956864015
583 -0.6804005956864015
584 -0.6804005956864015
585 -0.6804005956864015
586 -0.6804005956864015
587 -0.6804005956864015
588 -0.6804005956864015
589 -0.6804005956864015
590 -0.6804005956864015
591 -0.6804005956864015
592 -0.6804005956864015
593 -0.6804005956864015
594 -0.6804005956864015
595 -0.6804005956864015
596 -0.6804005956864015
597 -0.6804005956864015
598 -0.6804005956864015
599 -0.6804005956864015
600 -0.6804005956864015
601 -0.6804005956864015
602 -0.6804005956864015
603 -0.6804005956864015
604 -0.6804005956864015
605 -0.6804005956864015
606 -0.6804005956864015
607 -0.6804005956864015
608 -0.6804005956864015
609 -0.6804005956864015
610 -0.6804005956864015
611 -0.6804005956864015
612 -0.6804005956864015
613 -0.6804005956864015
614 -0.6804005956864015
615 -0.6804005956864015
616 -0.6804005956864015
617 -0.6804005956864015
618 -0.6804005956864015
619 -0.6804005956864015
620 -0.6804005956864015
621 -0.6804005956864015
622 -0.6804005956864015
623 -0.6804005956864015
624 -0.6804005956864015
625 -0.6804005956864015
626 -0.6804005956864015
627 -0.6804005956864015
628 -0.6804005956864015
629 -0.6804005956864015
630 -0.6804005956864015
631 -0.6804005956864015
632 -0.6804005956864015
633 -0.6804005956864015
634 -0.6804005956864015
635 -0.6804005956864015
636 -0.6804005956864015
637 -0.6804005956864015
638 -0.6804005956864015
639 -0.6804005956864015
640 -0.6804005956864015
641 -0.6804005956864015
642 -0.6804005956864015
643 -0.6804005956864015
644 -0.6804005956864015
645 -0.6804005956864015
646 -0.6804005956864015
647 -0.6804005956864015
648 -0.6804005956864015
649 -0.6804005956864015
650 -0.6804005956864015
651 -0.6804005956864015
652 -0.6804005956864015
653 -0.6804005956864015
654 -0.6804005956864015
655 -0.6804005956864015
656 -0.6804005956864015
657 -0.6804005956864015
658 -0.6804005956864015
659 -0.6804005956864015
660 -0.6804005956864015
661 -0.6804005956864015
662 -0.6804005956864015
663 -0.6804005956864015
664 -0.6804005956864015
665 -0.6804005956864015
666 -0.6804005956864015
667 -0.6804005956864015
668 -0.6804005956864015
669 -0.6804005956864015
670 -0.6804005956864015
671 -0.6804005956864015
672 -0.6804005956864015
673 -0.6804005956864015
674 -0.6804005956864015
675 -0.6804005956864015
676 -0.6804005956864015
677 -0.6804005956864015
678 -0.6804005956864015
679 -0.6804005956864015
680 -0.6804005956864015
681 -0.6804005956864015
682 -0.6804005956864015
683 -0.6804005956864015
684 -0.6804005956864015
685 -0.6804005956864015
686 -0.6804005956864015
687 -0.6804005956864015
688 -0.6804005956864015
689 -0.6804005956864015
690 -0.6804005956864015
691 -0.6804005956864015
692 -0.6804005956864015
693 -0.6804005956864015
694 -0.6804005956864015
695 -0.6804005956864015
696 -0.6804005956864015
697 -0.6804005956864015
698 -0.6804005956864015
699 -0.6804005956864015
700 -0.6804005956864015
701 -0.6804005956864015
702 -0.6804005956864015
703 -0.6804005956864015
704 -0.6804005956864015
705 -0.6804005956864015
706 -0.6804005956864015
707 -0.6804005956864015
708 -0.6804005956864015
709 -0.6804005956864015
710 -0.6804005956864015
711 -0.6804005956864015
712 -0.6804005956864015
713 -0.6804005956864015
714 -0.6804005956864015
715 -0.6804005956864015
716 -0.6804005956864015
717 -0.6804005956864015
718 -0.6804005956864015
719 -0.6804005956864015
720 -0.6804005956864015
721 -0.6804005956864015
722 -0.6804005956864015
723 -0.6804005956864015
724 -0.6804005956864015
725 -0.6804005956864015
726 -0.6804005956864015
727 -0.6804005956864015
728 -0.6804005956864015
729 -0.6804005956864015
730 -0.6804005956864015
731 -0.6804005956864015
732 -0.6804005956864015
733 -0.6804005956864015
734 -0.6804005956864015
735 -0.6804005956864015
736 -0.6804005956864015
737 -0.6804005956864015
738 -0.6804005956864015
739 -0.6804005956864015
740 -0.6804005956864015
741 -0.6804005956864015
742 -0.6804005956864015
743 -0.6804005956864015
744 -0.6804005956864015
745 -0.6804005956864015
746 -0.6804005956864015
747 -0.6804005956864015
748 -0.6804005956864015
749 -0.6804005956864015
750 -0.6804005956864015
751 -0.6804005956864015
752 -0.6804005956864015
753 -0.6804005956864015
754 -0.6804005956864015
755 -0.6804005956864015
756 -0.6804005956864015
757 -0.6804005956864015
758 -0.6804005956864015
759 -0.6804005956864015
760 -0.6804005956864015
761 -0.6804005956864015
762 -0.6804005956864015
763 -0.6804005956864015
764 -0.6804005956864015
765 -0.6804005956864015
766 -0.6804005956864015
767 -0.6804005956864015
768 -0.6804005956864015
769 -0.6804005956864015
770 -0.6804005956864015
771 -0.6804005956864015
772 -0.6804005956864015
773 -0.6804005956864015
774 -0.6804005956864015
775 -0.6804005956864015
776 -0.6804005956864015
777 -0.6804005956864015
778 -0.6804005956864015
779 -0.6804005956864015
780 -0.6804005956864015
781 -0.6804005956864015
782 -0.6804005956864015
783 -0.6804005956864015
784 -0.6804005956864015
785 -0.6804005956864015
786 -0.6804005956864015
787 -0.6804005956864015
788 -0.6804005956864015
789 -0.6804005956864015
790 -0.6804005956864015
791 -0.6804005956864015
792 -0.6804005956864015
793 -0.6804005956864015
794 -0.6804005956864015
795 -0.6804005956864015
796 -0.6804005956864015
797 -0.6804005956864015
798 -0.6804005956864015
799 -0.6804005956864015
800 -0.6804005956864015
801 -0.6804005956864015
802 -0.6804005956864015
803 -0.6804005956864015
804 -0.6804005956864015
805 -0.6804005956864015
806 -0.6804005956864015
807 -0.6804005956864015
808 -0.6804005956864015
809 -0.6804005956864015
810 -0.6804005956864015
811 -0.6804005956864015
812 -0.6804005956864015
813 -0.6804005956864015
814 -0.6804005956864015
815 -0.6804005956864015
816 -0.6804005956864015
817 -0.6804005956864015
818 -0.6804005956864015
819 -0.6804005956864015
820 -0.6804005956864015
821 -0.6804005956864015
822 -0.6804005956864015
823 -0.6804005956864015
824 -0.6804005956864015
825 -0.6804005956864015
826 -0.6804005956864015
827 -0.6804005956864015
828 -0.6804005956864015
829 -0.6804005956864015
830 -0.6804005956864015
831 -0.6804005956864015
832 -0.6804005956864015
833 -0.6804005956864015
834 -0.6804005956864015
835 -0.6804005956864015
836 -0.6804005956864015
837 -0.6804005956864015
838 -0.6804005956864015
839 -0.6804005956864015
840 -0.6804005956864015
841 -0.6804005956864015
842 -0.6804005956864015
843 -0.6804005956864015
844 -0.6804005956864015
845 -0.6804005956864015
846 -0.6804005956864015
847 -0.6804005956864015
848 -0.6804005956864015
849 -0.6804005956864015
850 -0.6804005956864015
851 -0.6804005956864015
852 -0.6804005956864015
853 -0.6804005956864015
854 -0.6804005956864015
855 -0.6804005956864015
856 -0.6804005956864015
857 -0.6804005956864015
858 -0.6804005956864015
859 -0.6804005956864015
860 -0.6804005956864015
861 -0.6804005956864015
862 -0.6804005956864015
863 -0.6804005956864015
864 -0.6804005956864015
865 -0.6804005956864015
866 -0.6804005956864015
867 -0.6804005956864015
868 -0.6804005956864015
869 -0.6804005956864015
870 -0.6804005956864015
871 -0.6804005956864015
872 -0.6804005956864015
873 -0.6804005956864015
874 -0.6804005956864015
875 -0.6804005956864015
876 -0.6804005956864015
877 -0.6804005956864015
878 -0.6804005956864015
879 -0.6804005956864015
880 -0.6804005956864015
881 -0.6804005956864015
882 -0.6804005956864015
883 -0.6804005956864015
884 -0.6804005956864015
885 -0.6804005956864015
886 -0.6804005956864015
887 -0.6804005956864015
888 -0.6804005956864015
889 -0.6804005956864015
890 -0.6804005956864015
891 -0.6804005956864015
892 -0.6804005956864015
893 -0.6804005956864015
894 -0.6804005956864015
895 -0.6804005956864015
896 -0.6804005956864015
897 -0.6804005956864015
898 -0.6804005956864015
899 -0.6804005956864015
900 -0.6804005956864015
901 -0.6804005956864015
902 -0.6804005956864015
903 -0.6804005956864015
904 -0.6804005956864015
905 -0.6804005956864015
906 -0.6804005956864015
907 -0.6804005956864015
908 -0.6804005956864015
909 -0.6804005956864015
910 -0.6804005956864015
911 -0.6804005956864015
912 -0.6804005956864015
913 -0.6804005956864015
914 -0.6804005956864015
915 -0.6804005956864015
916 -0.6804005956864015
917 -0.6804005956864015
918 -0.6804005956864015
919 -0.6804005956864015
920 -0.6804005956864015
921 -0.6804005956864015
922 -0.6804005956864015
923 -0.6804005956864015
924 -0.6804005956864015
925 -0.6804005956864015
926 -0.6804005956864015
927 -0.6804005956864015
928 -0.6804005956864015
929 -0.6804005956864015
930 -0.6804005956864015
931 -0.6804005956864015
932 -0.6804005956864015
933 -0.6804005956864015
934 -0.6804005956864015
935 -0.6804005956864015
936 -0.6804005956864015
937 -0.6804005956864015
938 -0.6804005956864015
939 -0.6804005956864015
940 -0.6804005956864015
941 -0.6804005956864015
942 -0.6804005956864015
943 -0.6804005956864015
944 -0.6804005956864015
945 -0.6804005956864015
946 -0.6804005956864015
947 -0.6804005956864015
948 -0.6804005956864015
949 -0.6804005956864015
950 -0.6804005956864015
951 -0.6804005956864015
952 -0.6804005956864015
953 -0.6804005956864015
954 -0.6804005956864015
955 -0.6804005956864015
956 -0.6804005956864015
957 -0.6804005956864015
958 -0.6804005956864015
959 -0.6804005956864015
960 -0.6804005956864015
961 -0.6804005956864015
962 -0.6804005956864015
963 -0.6804005956864015
964 -0.6804005956864015
965 -0.6804005956864015
966 -0.6804005956864015
967 -0.6804005956864015
968 -0.6804005956864015
969 -0.6804005956864015
970 -0.6804005956864015
971 -0.6804005956864015
972 -0.6804005956864015
973 -0.6804005956864015
974 -0.6804005956864015
975 -0.6804005956864015
976 -0.6804005956864015
977 -0.6804005956864015
978 -0.6804005956864015
979 -0.6804005956864015
980 -0.6804005956864015
981 -0.6804005956864015
982 -0.6804005956864015
983 -0.6804005956864015
984 -0.6804005956864015
985 -0.6804005956864015
986 -0.6804005956864015
987 -0.6804005956864015
988 -0.6804005956864015
989 -0.6804005956864015
990 -0.6804005956864015
991 -0.6804005956864015
992 -0.6804005956864015
993 -0.6804005956864015
994 -0.6804005956864015
995 -0.6804005956864015
996 -0.6804005956864015
997 -0.6804005956864015
998 -0.6804005956864015
999 -0.6804005956864015
